Define CharList
 ( 'A', 'B', 'C', 'D', 'E', 'F', 'G', 'H', 'I', 'J', 'K', 'L', 'M', 'N', 'O', 'P',
   'Q', 'R', 'S', 'T', 'U', 'V', 'W', 'X', 'Y', 'Z', 'a', 'b', 'c', 'd', 'e', 'f',
   'g', 'h', 'i', 'j', 'k', 'l', 'm', 'n', 'o', 'p', 'q', 'r', 's', 't', 'u', 'v',
   'w', 'x', 'y', 'z', '0', '1', '2', '3', '4', '5', '6', '7', '8', '9', '~', '`',
   '!', '@', '#', '$', '%', '^', '&', '*', '(', ')', '-', '_', '=', '+', '[', '{',
   ']', '}', ';', ':',"'", '"', ',', '<', '.', '>', '/', '?', '¡', '¢', '£', '¥',
   '§', '©', '®', '¿', 'À', 'Á', 'Â', 'Ã', 'Ä', 'Å', 'Æ', 'Ç', 'È', 'É', 'Ê', 'Ë',
   'Ì', 'Í', 'Î', 'Ï', 'Ð', 'Ñ', 'Ò', 'Ó', 'Ô', 'Õ', 'Ö', 'Ø', 'Ù', 'Ú', 'Û', 'Ü',
   'Ý', 'ß', 'à', 'á', 'â', 'ã', 'ä', 'å', 'æ', 'ç', 'è', 'é', 'ê', 'ë', 'ì', 'í',
   'î', 'ï', 'ð', 'ñ', 'ò', 'ó', 'ô', 'õ', 'ö', 'ø', 'ù', 'ú', 'û', 'ü', 'ý', 'ÿ');

Define WidthList
 (  13,  11,  11,  11,   9,   9,  11,  11,   3,   3,  11,   8,  13,  11,  11,  11,
    11,  11,  11,  10,  11,  13,  17,  12,  12,  11,   9,   9,   8,   9,   9,   5,
     9,   9,   3,   3,   9,   3,   9,   9,   9,   9,   9,   8,   9,   4,   9,  10,
    13,   9,  10,   9,  11,   3,  11,  11,  11,  11,  11,   8,  11,  11,   8,   3,
     8,   8,   8,   8,   8,   8,   8,   8,   8,   8,   7,   8,   7,   7,   8,   8,
     8,   8,   3,   3,   3,   5,   3,   8,   3,   8,   8,   8,   8,   8,   8,   8,
     8,   3,   8,   8,   8,   8,   8,   8,   8,   8,   8,   8,   8,   8,   8,   8,
     8,   8,   8,   8,   8,   8,   8,   8,   8,   8,   8,   8,   8,   8,   8,   8,
     8,   8,   8,   8,   8,   8,   8,   8,   8,   8,   8,   8,   8,   8,   8,   8,
     8,   8,   8,   8,   8,   8,   8,   8,   8,   8,   8,   8,   8,   9,   8,   8);

Define RectList
 ( (   0,  0, 13, 16), (  14,  0, 10, 16), (  25,  0, 10, 16), (  36,  0, 10, 16),
   (  47,  0,  8, 16), (  56,  0,  8, 16), (  65,  0, 10, 16), (  76,  0, 10, 16),
   (  87,  0,  2, 16), (  90,  0,  6, 16), (  97,  0, 10, 16), ( 108,  0,  8, 16),
   ( 117,  0, 12, 16), ( 130,  0, 10, 16), ( 141,  0, 10, 16), ( 152,  0, 10, 16),
   ( 163,  0, 10, 16), ( 174,  0, 10, 16), ( 185,  0, 10, 16), ( 196,  0, 10, 16),
   ( 207,  0, 10, 16), ( 218,  0, 13, 16), ( 232,  0, 17, 16), ( 250,  0, 11, 16),
   ( 262,  0, 11, 16), ( 274,  0, 10, 16), ( 285,  0,  9, 16), ( 295,  0,  8, 16),
   ( 304,  0,  7, 16), ( 312,  0,  8, 16), ( 321,  0,  9, 16), ( 331,  0,  4, 16),
   ( 336,  0,  8, 16), ( 345,  0,  8, 16), ( 354,  0,  2, 16), ( 357,  0,  4, 16),
   ( 362,  0,  8, 16), ( 371,  0,  2, 16), ( 374,  0,  8, 16), ( 383,  0,  8, 16),
   ( 392,  0,  8, 16), ( 401,  0,  8, 16), ( 410,  0,  8, 16), ( 419,  0,  7, 16),
   ( 427,  0,  8, 16), ( 436,  0,  4, 16), ( 441,  0,  8, 16), ( 450,  0, 10, 16),
   ( 461,  0, 13, 16), ( 475,  0,  9, 16), ( 485,  0, 10, 16), ( 496,  0,  8, 16),
   ( 505,  0, 10, 16), ( 516,  0,  2, 16), ( 519,  0, 10, 16), ( 530,  0, 10, 16),
   ( 541,  0, 10, 16), ( 552,  0, 10, 16), ( 563,  0, 10, 16), ( 574,  0,  8, 16),
   ( 583,  0, 10, 16), ( 594,  0, 10, 16), ( 605,  0,  7, 16), ( 613,  0,  2, 16),
   ( 616,  0,  7, 16), ( 624,  0,  7, 16), ( 632,  0,  7, 16), ( 640,  0,  7, 16),
   ( 648,  0,  7, 16), ( 656,  0,  7, 16), ( 664,  0,  7, 16), ( 672,  0,  7, 16),
   ( 680,  0,  7, 16), ( 688,  0,  7, 16), ( 696,  0,  7, 16), ( 704,  0,  7, 16),
   ( 712,  0,  7, 16), ( 720,  0,  6, 16), ( 727,  0,  7, 16), ( 735,  0,  7, 16),
   ( 743,  0,  7, 16), ( 751,  0,  7, 16), ( 759,  0,  2, 16), ( 762,  0,  2, 16),
   ( 765,  0,  2, 16), ( 768,  0,  4, 16), ( 773,  0,  2, 16), ( 776,  0,  7, 16),
   ( 784,  0,  2, 16), ( 787,  0,  7, 16), ( 795,  0,  9, 16), ( 805,  0,  7, 16),
   ( 813,  0,  7, 16), ( 821,  0,  7, 16), ( 829,  0,  7, 16), ( 837,  0,  7, 16),
   ( 845,  0,  7, 16), ( 853,  0,  2, 16), ( 856,  0,  7, 16), ( 864,  0,  7, 16),
   ( 872,  0,  7, 16), ( 880,  0,  7, 16), ( 888,  0,  7, 16), ( 896,  0,  7, 16),
   ( 904,  0,  7, 16), ( 912,  0,  7, 16), ( 920,  0,  7, 16), ( 928,  0,  7, 16),
   ( 936,  0,  7, 16), ( 944,  0,  7, 16), ( 952,  0,  7, 16), ( 960,  0,  7, 16),
   ( 968,  0,  7, 16), ( 976,  0,  7, 16), ( 984,  0,  7, 16), ( 992,  0,  7, 16),
   (1000,  0,  7, 16), (1008,  0,  7, 16), (1016,  0,  7, 16), (1024,  0,  7, 16),
   (1032,  0,  7, 16), (1040,  0,  7, 16), (1048,  0,  7, 16), (1056,  0,  7, 16),
   (1064,  0,  7, 16), (1072,  0,  7, 16), (1080,  0,  7, 16), (1088,  0,  7, 16),
   (1096,  0,  7, 16), (1104,  0,  7, 16), (1112,  0,  7, 16), (1120,  0,  7, 16),
   (1128,  0,  7, 16), (1136,  0,  7, 16), (1144,  0,  7, 16), (1152,  0,  7, 16),
   (1160,  0,  7, 16), (1168,  0,  7, 16), (1176,  0,  7, 16), (1184,  0,  7, 16),
   (1192,  0,  7, 16), (1200,  0,  7, 16), (1208,  0,  7, 16), (1216,  0,  7, 16),
   (1224,  0,  7, 16), (1232,  0,  7, 16), (1240,  0,  7, 16), (1248,  0,  7, 16),
   (1256,  0,  7, 16), (1264,  0,  7, 16), (1272,  0,  7, 16), (1280,  0,  7, 16),
   (1288,  0,  7, 16), (1296,  0,  7, 16), (1304,  0,  7, 16), (1312,  0,  7, 16),
   (1320,  0,  7, 16), (1328,  0, 12, 16), (1341,  0,  7, 16), (1349,  0,  7, 16));

Define OffsetList
 ( ( 0, 0), ( 0, 0), ( 0, 0), ( 0, 0), ( 0, 0), ( 0, 0), ( 0, 0), ( 0, 0),
   ( 0, 0), (-3, 0), ( 0, 0), ( 0, 0), ( 0, 0), ( 0, 0), ( 0, 0), ( 0, 0),
   ( 0, 0), ( 0, 0), ( 0, 0), ( 0, 0), ( 0, 0), ( 0, 0), ( 0, 0), ( 0, 0),
   ( 0, 0), ( 0, 0), ( 0, 0), ( 0, 0), ( 0, 0), ( 0, 0), ( 0, 0), ( 0, 0),
   ( 0, 0), ( 0, 0), ( 0, 0), (-1, 0), ( 0, 0), ( 0, 0), ( 0, 0), ( 0, 0),
   ( 0, 0), ( 0, 0), ( 0, 0), ( 0, 0), ( 0, 0), ( 0, 0), ( 0, 0), ( 0, 0),
   ( 0, 0), (-1, 0), ( 0, 0), ( 0, 0), ( 0, 0), ( 0, 0), ( 0, 0), ( 0, 0),
   ( 0, 0), ( 0, 0), ( 0, 0), ( 0, 0), ( 0, 0), ( 0, 0), ( 1, 0), ( 0, 0),
   ( 1, 0), ( 1, 0), ( 1, 0), ( 1, 0), ( 1, 0), ( 1, 0), ( 1, 0), ( 1, 0),
   ( 1, 0), ( 1, 0), ( 0, 0), ( 1, 0), ( 0, 0), ( 0, 0), ( 1, 0), ( 1, 0),
   ( 1, 0), ( 1, 0), ( 0, 0), ( 0, 0), ( 0, 0), ( 0, 0), ( 0, 0), ( 1, 0),
   ( 0, 0), ( 1, 0), (-1, 0), ( 1, 0), ( 1, 0), ( 1, 0), ( 1, 0), ( 1, 0),
   ( 1, 0), ( 0, 0), ( 1, 0), ( 1, 0), ( 1, 0), ( 1, 0), ( 1, 0), ( 1, 0),
   ( 1, 0), ( 1, 0), ( 1, 0), ( 1, 0), ( 1, 0), ( 1, 0), ( 1, 0), ( 1, 0),
   ( 1, 0), ( 1, 0), ( 1, 0), ( 1, 0), ( 1, 0), ( 1, 0), ( 1, 0), ( 1, 0),
   ( 1, 0), ( 1, 0), ( 1, 0), ( 1, 0), ( 1, 0), ( 1, 0), ( 1, 0), ( 1, 0),
   ( 1, 0), ( 1, 0), ( 1, 0), ( 1, 0), ( 1, 0), ( 1, 0), ( 1, 0), ( 1, 0),
   ( 1, 0), ( 1, 0), ( 1, 0), ( 1, 0), ( 1, 0), ( 1, 0), ( 1, 0), ( 1, 0),
   ( 1, 0), ( 1, 0), ( 1, 0), ( 1, 0), ( 1, 0), ( 1, 0), ( 1, 0), ( 1, 0),
   ( 1, 0), ( 1, 0), ( 1, 0), ( 1, 0), ( 1, 0), (-2, 0), ( 1, 0), ( 1, 0));

Define KerningPairs
 ("/a","/c","/d","/e","/g","/m","/n","/o","/p","/q","/r","/s","/u","/v","/w","/x",
  "/y","/z","AV","WA","Wa","f.");

Define KerningValues
 (  -2,  -2,  -2,  -2,  -1,  -1,  -2,  -2,  -1,  -1,  -1,  -2,  -1,  -2,  -2,  -1,
    -2,  -1,  -4,  -4,  -2,  -1);

CreateLayer               Main;
LayerSetImage             Main 'AlphaMaleModern12';
LayerSetAscent            Main 13;
LayerSetCharWidths        Main CharList WidthList;
LayerSetCharWidths        Main (' ') (4);
LayerSetKerningPairs      Main KerningPairs KerningValues;
LayerSetImageMap          Main CharList RectList;
LayerSetCharOffsets       Main CharList OffsetList;
LayerSetAscentPadding     Main 0;
LayerSetLineSpacingOffset Main 0;
LayerSetPointSize         Main 12;

SetDefaultPointSize  12;
