Define CharList
 ( 'A', 'B', 'C', 'D', 'E', 'F', 'G', 'H', 'I', 'J', 'K', 'L', 'M', 'N', 'O', 'P',
   'Q', 'R', 'S', 'T', 'U', 'V', 'W', 'X', 'Y', 'Z', 'a', 'b', 'c', 'd', 'e', 'f',
   'g', 'h', 'i', 'j', 'k', 'l', 'm', 'n', 'o', 'p', 'q', 'r', 's', 't', 'u', 'v',
   'w', 'x', 'y', 'z', '0', '1', '2', '3', '4', '5', '6', '7', '8', '9', '~', '`',
   '!', '@', '#', '$', '%', '^', '&', '*', '(', ')', '-', '_', '=', '+', '[', '{',
   ']', '}', ';', ':',"'", '"', ',', '<', '.', '>', '/', '?', '¡', '¢', '£', '¥',
   '§', '©', '®', '¿', 'À', 'Á', 'Â', 'Ã', 'Ä', 'Å', 'Æ', 'Ç', 'È', 'É', 'Ê', 'Ë',
   'Ì', 'Í', 'Î', 'Ï', 'Ð', 'Ñ', 'Ò', 'Ó', 'Ô', 'Õ', 'Ö', 'Ø', 'Ù', 'Ú', 'Û', 'Ü',
   'Ý', 'ß', 'à', 'á', 'â', 'ã', 'ä', 'å', 'æ', 'ç', 'è', 'é', 'ê', 'ë', 'ì', 'í',
   'î', 'ï', 'ð', 'ñ', 'ò', 'ó', 'ô', 'õ', 'ö', 'ø', 'ù', 'ú', 'û', 'ü', 'ý', 'ÿ');

Define WidthList
 (  21,  21,  20,  21,  19,  19,  22,  21,   8,  19,  21,  17,  25,  22,  22,  21,
    22,  21,  22,  18,  22,  21,  27,  21,  20,  21,  19,  18,  15,  18,  19,   9,
    18,  18,   8,   8,  17,   8,  26,  19,  19,  18,  18,  12,  18,  12,  19,  18,
    24,  19,  16,  17,  22,  23,  22,  22,  22,  22,  22,  22,  22,  22,  14,   8,
     8,  14,  16,  21,  24,  14,  24,  13,   9,   9,  11,  16,  22,  22,  14,  14,
    14,  14,   8,   8,   8,  14,   8,  14,   8,  14,  14,  17,   8,  18,  21,  24,
    14,  14,  22,  17,  14,   9,   7,  10,  11,   9,  10,  14,  12,  14,   7,   4,
    14,  14,  14,  10,  23,  14,  14,  14,  14,  14,  14,  14,  14,  14,  14,  14,
    14,  14,  14,  31,  14,  14,  14,  14,  14,  14,  14,  22,  33,  14,  14,  14,
    14,  14,  14,  31,  14,  14,  14,   8,  14,  14,  19,  30,  20,   7,  21,  21);

Define RectList
 ( (   0,  0, 19, 32), (  20,  0, 20, 32), (  41,  0, 18, 32), (  60,  0, 20, 32),
   (  81,  0, 17, 32), (  99,  0, 17, 32), ( 117,  0, 20, 32), ( 138,  0, 20, 32),
   ( 159,  0,  7, 32), ( 167,  0, 16, 32), ( 184,  0, 20, 32), ( 205,  0, 16, 32),
   ( 222,  0, 24, 32), ( 247,  0, 21, 32), ( 269,  0, 21, 32), ( 291,  0, 20, 32),
   ( 312,  0, 21, 32), ( 334,  0, 20, 32), ( 355,  0, 20, 32), ( 376,  0, 18, 32),
   ( 395,  0, 21, 32), ( 417,  0, 22, 32), ( 440,  0, 28, 32), ( 469,  0, 22, 32),
   ( 492,  0, 22, 32), ( 515,  0, 19, 32), ( 535,  0, 19, 32), ( 555,  0, 17, 32),
   ( 573,  0, 14, 32), ( 588,  0, 18, 32), ( 607,  0, 18, 32), ( 626,  0,  9, 32),
   ( 636,  0, 17, 32), ( 654,  0, 17, 32), ( 672,  0,  7, 32), ( 680,  0,  6, 32),
   ( 687,  0, 17, 32), ( 705,  0,  7, 32), ( 713,  0, 25, 32), ( 739,  0, 18, 32),
   ( 758,  0, 17, 32), ( 776,  0, 17, 32), ( 794,  0, 18, 32), ( 813,  0, 12, 32),
   ( 826,  0, 17, 32), ( 844,  0, 13, 32), ( 858,  0, 17, 32), ( 876,  0, 20, 32),
   ( 897,  0, 24, 32), ( 922,  0, 21, 32), ( 944,  0, 18, 32), ( 963,  0, 16, 32),
   ( 980,  0, 21, 32), (1002,  0,  8, 32), (1011,  0, 19, 32), (1031,  0, 19, 32),
   (1051,  0, 22, 32), (1074,  0, 19, 32), (1094,  0, 21, 32), (1116,  0, 18, 32),
   (1135,  0, 20, 32), (1156,  0, 21, 32), (1178,  0, 11, 32), (1190,  0,  7, 32),
   (1198,  0,  7, 32), (1206,  0, 11, 32), (1218,  0, 17, 32), (1236,  0, 20, 32),
   (1257,  0, 22, 32), (1280,  0, 11, 32), (1292,  0, 23, 32), (1316,  0, 12, 32),
   (1329,  0,  9, 32), (1339,  0,  9, 32), (1349,  0, 10, 32), (1360,  0, 16, 32),
   (1377,  0, 16, 32), (1394,  0, 16, 32), (1411,  0, 11, 32), (1423,  0, 11, 32),
   (1435,  0, 11, 32), (1447,  0, 11, 32), (1459,  0,  7, 32), (1467,  0,  7, 32),
   (1475,  0,  7, 32), (1483,  0, 11, 32), (1495,  0,  7, 32), (1503,  0, 11, 32),
   (1515,  0,  7, 32), (1523,  0, 11, 32), (1535,  0, 16, 32), (1552,  0, 17, 32),
   (1570,  0,  7, 32), (1578,  0, 16, 32), (1595,  0, 20, 32), (1616,  0, 23, 32),
   (1640,  0, 11, 32), (1652,  0, 11, 32), (1664,  0, 14, 32), (1679,  0, 17, 32),
   (1697,  0, 11, 32), (1709,  0,  8, 32), (1718,  0,  8, 32), (1727,  0, 10, 32),
   (1738,  0, 11, 32), (1750,  0, 10, 32), (1761,  0, 10, 32), (1772,  0, 11, 32),
   (1784,  0, 12, 32), (1797,  0, 11, 32), (1809,  0,  7, 32), (1817,  0,  4, 32),
   (1822,  0, 11, 32), (1834,  0, 11, 32), (1846,  0, 11, 32), (1858,  0, 10, 32),
   (1869,  0, 21, 32), (1891,  0, 11, 32), (1903,  0, 11, 32), (1915,  0, 11, 32),
   (1927,  0, 11, 32), (1939,  0, 11, 32), (1951,  0, 11, 32), (1963,  0, 11, 32),
   (1975,  0, 11, 32), (1987,  0, 11, 32), (1999,  0, 11, 32), (2011,  0, 11, 32),
   (2023,  0, 11, 32), (2035,  0, 11, 32), (2047,  0, 11, 32), (2059,  0, 30, 32),
   (2090,  0, 11, 32), (2102,  0, 11, 32), (2114,  0, 11, 32), (2126,  0, 11, 32),
   (2138,  0, 11, 32), (2150,  0, 11, 32), (2162,  0, 11, 32), (2174,  0, 21, 32),
   (2196,  0, 31, 32), (2228,  0, 11, 32), (2240,  0, 11, 32), (2252,  0, 11, 32),
   (2264,  0, 11, 32), (2276,  0, 11, 32), (2288,  0, 11, 32), (2300,  0, 29, 32),
   (2330,  0, 11, 32), (2342,  0, 11, 32), (2354,  0, 11, 32), (2366,  0,  7, 32),
   (2374,  0, 11, 32), (2386,  0, 11, 32), (2398,  0, 17, 32), (2416,  0, 28, 32),
   (2445,  0, 18, 32), (2464,  0,  7, 32), (2472,  0, 19, 32), (2492,  0, 19, 32));

Define OffsetList
 ( ( 1, 0), ( 1, 0), ( 1, 0), ( 1, 0), ( 1, 0), ( 1, 0), ( 1, 0), ( 1, 0),
   ( 1, 0), ( 1, 0), ( 1, 0), ( 1, 0), ( 1, 0), ( 1, 0), ( 1, 0), ( 1, 0),
   ( 1, 0), ( 1, 0), ( 1, 0), ( 0, 0), ( 1, 0), (-1, 0), ( 0, 0), ( 0, 0),
   (-1, 0), ( 1, 0), ( 1, 0), ( 0, 0), ( 1, 0), ( 1, 0), ( 1, 0), ( 1, 0),
   ( 1, 0), ( 1, 0), ( 1, 0), ( 1, 0), ( 1, 0), ( 1, 0), ( 1, 0), ( 1, 0),
   ( 1, 0), ( 1, 0), ( 1, 0), ( 1, 0), ( 1, 0), ( 0, 0), ( 1, 0), (-1, 0),
   ( 0, 0), (-1, 0), (-1, 0), ( 1, 0), ( 1, 0), ( 7, 0), ( 1, 0), ( 2, 0),
   (-1, 0), ( 1, 0), ( 1, 0), ( 2, 0), ( 1, 0), ( 1, 0), ( 1, 0), ( 1, 0),
   ( 1, 0), ( 1, 0), ( 0, 0), ( 1, 0), ( 1, 0), ( 1, 0), ( 1, 0), ( 0, 0),
   ( 0, 0), ( 0, 0), ( 1, 0), ( 0, 0), ( 3, 0), ( 3, 0), ( 1, 0), ( 1, 0),
   ( 1, 0), ( 1, 0), ( 1, 0), ( 1, 0), ( 1, 0), ( 1, 0), ( 1, 0), ( 1, 0),
   ( 1, 0), ( 1, 0), (-1, 0), ( 0, 0), ( 1, 0), ( 1, 0), ( 1, 0), ( 0, 0),
   ( 1, 0), ( 1, 0), ( 4, 0), ( 0, 0), ( 1, 0), ( 0, 0), ( 1, 0), ( 0, 0),
   ( 0, 0), ( 0, 0), ( 0, 0), ( 1, 0), ( 0, 0), ( 1, 0), ( 0, 0), ( 0, 0),
   ( 1, 0), ( 1, 0), ( 1, 0), ( 0, 0), ( 1, 0), ( 1, 0), ( 1, 0), ( 1, 0),
   ( 1, 0), ( 1, 0), ( 1, 0), ( 1, 0), ( 1, 0), ( 1, 0), ( 1, 0), ( 1, 0),
   ( 1, 0), ( 1, 0), ( 1, 0), ( 1, 0), ( 1, 0), ( 1, 0), ( 1, 0), ( 1, 0),
   ( 1, 0), ( 1, 0), ( 1, 0), ( 1, 0), ( 1, 0), ( 1, 0), ( 1, 0), ( 1, 0),
   ( 1, 0), ( 1, 0), ( 1, 0), ( 1, 0), ( 1, 0), ( 1, 0), ( 1, 0), ( 1, 0),
   ( 1, 0), ( 1, 0), ( 1, 0), ( 1, 0), ( 2, 0), ( 0, 0), ( 1, 0), ( 1, 0));

CreateLayer               Main;
LayerSetImage             Main 'BoltsSF20';
LayerSetAscent            Main 25;
LayerSetCharWidths        Main CharList WidthList;
LayerSetCharWidths        Main (' ') (8);
LayerSetImageMap          Main CharList RectList;
LayerSetCharOffsets       Main CharList OffsetList;
LayerSetAscentPadding     Main 0;
LayerSetLineSpacingOffset Main 0;
LayerSetPointSize         Main 20;

SetDefaultPointSize  20;
