Define CharList
 ( 'A', 'B', 'C', 'D', 'E', 'F', 'G', 'H', 'I', 'J', 'K', 'L', 'M', 'N', 'O', 'P',
   'Q', 'R', 'S', 'T', 'U', 'V', 'W', 'X', 'Y', 'Z', 'a', 'b', 'c', 'd', 'e', 'f',
   'g', 'h', 'i', 'j', 'k', 'l', 'm', 'n', 'o', 'p', 'q', 'r', 's', 't', 'u', 'v',
   'w', 'x', 'y', 'z', '0', '1', '2', '3', '4', '5', '6', '7', '8', '9', '~', '`',
   '!', '@', '#', '$', '%', '^', '&', '*', '(', ')', '-', '_', '=', '+', '[', '{',
   ']', '}', ';', ':',"'", '"', ',', '<', '.', '>', '/', '?', '¡', '¢', '£', '¥',
   '§', '©', '®', '¿', 'À', 'Á', 'Â', 'Ã', 'Ä', 'Å', 'Æ', 'Ç', 'È', 'É', 'Ê', 'Ë',
   'Ì', 'Í', 'Î', 'Ï', 'Ð', 'Ñ', 'Ò', 'Ó', 'Ô', 'Õ', 'Ö', 'Ø', 'Ù', 'Ú', 'Û', 'Ü',
   'Ý', 'ß', 'à', 'á', 'â', 'ã', 'ä', 'å', 'æ', 'ç', 'è', 'é', 'ê', 'ë', 'ì', 'í',
   'î', 'ï', 'ð', 'ñ', 'ò', 'ó', 'ô', 'õ', 'ö', 'ø', 'ù', 'ú', 'û', 'ü', 'ý', 'ÿ');

Define WidthList
 (  28,  29,  27,  29,  26,  25,  30,  29,  11,  25,  29,  23,  34,  30,  30,  28,
    30,  29,  29,  24,  30,  28,  37,  29,  28,  28,  27,  25,  21,  25,  26,  13,
    25,  25,  11,  12,  24,  11,  36,  26,  25,  24,  25,  17,  25,  17,  26,  25,
    32,  26,  22,  24,  30,  31,  30,  30,  31,  30,  30,  30,  30,  30,  19,  11,
    11,  19,  22,  29,  31,  19,  33,  17,  12,  12,  15,  21,  30,  30,  19,  19,
    19,  19,  11,  11,  11,  19,  11,  19,  11,  19,  19,  24,  11,  25,  29,  32,
    19,  19,  30,  23,  19,  11,  10,  14,  14,  13,  13,  19,  16,  19,   9,   5,
    19,  19,  19,  14,  31,  19,  19,  19,  19,  19,  19,  19,  19,  19,  19,  19,
    19,  19,  19,  43,  19,  19,  19,  19,  19,  19,  19,  30,  45,  19,  19,  19,
    19,  19,  19,  42,  19,  19,  19,  11,  19,  19,  25,  41,  27,   9,  28,  28);

Define RectList
 ( (   0,  0, 26, 45), (  27,  0, 27, 45), (  55,  0, 25, 45), (  81,  0, 27, 45),
   ( 109,  0, 24, 45), ( 134,  0, 24, 45), ( 159,  0, 28, 45), ( 188,  0, 27, 45),
   ( 216,  0,  9, 45), ( 226,  0, 22, 45), ( 249,  0, 27, 45), ( 277,  0, 22, 45),
   ( 300,  0, 32, 45), ( 333,  0, 28, 45), ( 362,  0, 28, 45), ( 391,  0, 27, 45),
   ( 419,  0, 29, 45), ( 449,  0, 27, 45), ( 477,  0, 27, 45), ( 505,  0, 24, 45),
   ( 530,  0, 28, 45), ( 559,  0, 30, 45), ( 590,  0, 38, 45), ( 629,  0, 30, 45),
   ( 660,  0, 30, 45), ( 691,  0, 26, 45), ( 718,  0, 26, 45), ( 745,  0, 24, 45),
   ( 770,  0, 19, 45), ( 790,  0, 24, 45), ( 815,  0, 24, 45), ( 840,  0, 12, 45),
   ( 853,  0, 23, 45), ( 877,  0, 24, 45), ( 902,  0,  9, 45), ( 912,  0,  9, 45),
   ( 922,  0, 23, 45), ( 946,  0,  9, 45), ( 956,  0, 35, 45), ( 992,  0, 25, 45),
   (1018,  0, 23, 45), (1042,  0, 22, 45), (1065,  0, 24, 45), (1090,  0, 16, 45),
   (1107,  0, 23, 45), (1131,  0, 17, 45), (1149,  0, 24, 45), (1174,  0, 26, 45),
   (1201,  0, 33, 45), (1235,  0, 28, 45), (1264,  0, 24, 45), (1289,  0, 22, 45),
   (1312,  0, 28, 45), (1341,  0, 11, 45), (1353,  0, 26, 45), (1380,  0, 26, 45),
   (1407,  0, 29, 45), (1437,  0, 26, 45), (1464,  0, 28, 45), (1493,  0, 26, 45),
   (1520,  0, 26, 45), (1547,  0, 28, 45), (1576,  0, 15, 45), (1592,  0,  9, 45),
   (1602,  0,  9, 45), (1612,  0, 15, 45), (1628,  0, 23, 45), (1652,  0, 27, 45),
   (1680,  0, 30, 45), (1711,  0, 15, 45), (1727,  0, 31, 45), (1759,  0, 17, 45),
   (1777,  0, 12, 45), (1790,  0, 12, 45), (1803,  0, 13, 45), (1817,  0, 22, 45),
   (1840,  0, 22, 45), (1863,  0, 22, 45), (1886,  0, 15, 45), (1902,  0, 15, 45),
   (1918,  0, 15, 45), (1934,  0, 15, 45), (1950,  0,  9, 45), (1960,  0,  9, 45),
   (1970,  0,  9, 45), (1980,  0, 15, 45), (1996,  0,  9, 45), (2006,  0, 15, 45),
   (2022,  0,  9, 45), (2032,  0, 15, 45), (2048,  0, 21, 45), (2070,  0, 23, 45),
   (2094,  0,  9, 45), (2104,  0, 23, 45), (2128,  0, 27, 45), (2156,  0, 31, 45),
   (2188,  0, 15, 45), (2204,  0, 15, 45), (2220,  0, 20, 45), (2241,  0, 23, 45),
   (2265,  0, 15, 45), (2281,  0, 10, 45), (2292,  0, 10, 45), (2303,  0, 14, 45),
   (2318,  0, 15, 45), (2334,  0, 13, 45), (2348,  0, 13, 45), (2362,  0, 15, 45),
   (2378,  0, 16, 45), (2395,  0, 15, 45), (2411,  0,  9, 45), (2421,  0,  5, 45),
   (2427,  0, 15, 45), (2443,  0, 15, 45), (2459,  0, 15, 45), (2475,  0, 14, 45),
   (2490,  0, 29, 45), (2520,  0, 15, 45), (2536,  0, 15, 45), (2552,  0, 15, 45),
   (2568,  0, 15, 45), (2584,  0, 15, 45), (2600,  0, 15, 45), (2616,  0, 15, 45),
   (2632,  0, 15, 45), (2648,  0, 15, 45), (2664,  0, 15, 45), (2680,  0, 15, 45),
   (2696,  0, 15, 45), (2712,  0, 15, 45), (2728,  0, 15, 45), (2744,  0, 41, 45),
   (2786,  0, 15, 45), (2802,  0, 15, 45), (2818,  0, 15, 45), (2834,  0, 15, 45),
   (2850,  0, 15, 45), (2866,  0, 15, 45), (2882,  0, 15, 45), (2898,  0, 28, 45),
   (2927,  0, 43, 45), (2971,  0, 15, 45), (2987,  0, 15, 45), (3003,  0, 15, 45),
   (3019,  0, 15, 45), (3035,  0, 15, 45), (3051,  0, 15, 45), (3067,  0, 40, 45),
   (3108,  0, 15, 45), (3124,  0, 15, 45), (3140,  0, 15, 45), (3156,  0,  9, 45),
   (3166,  0, 15, 45), (3182,  0, 15, 45), (3198,  0, 23, 45), (3222,  0, 39, 45),
   (3262,  0, 24, 45), (3287,  0,  9, 45), (3297,  0, 26, 45), (3324,  0, 26, 45));

Define OffsetList
 ( ( 1, 0), ( 1, 0), ( 1, 0), ( 1, 0), ( 1, 0), ( 1, 0), ( 1, 0), ( 1, 0),
   ( 1, 0), ( 1, 0), ( 1, 0), ( 1, 0), ( 1, 0), ( 1, 0), ( 1, 0), ( 1, 0),
   ( 1, 0), ( 1, 0), ( 1, 0), ( 0, 0), ( 1, 0), (-1, 0), ( 0, 0), ( 0, 0),
   (-1, 0), ( 1, 0), ( 1, 0), ( 0, 0), ( 1, 0), ( 1, 0), ( 1, 0), ( 1, 0),
   ( 1, 0), ( 1, 0), ( 1, 0), ( 1, 0), ( 1, 0), ( 1, 0), ( 1, 0), ( 1, 0),
   ( 1, 0), ( 1, 0), ( 1, 0), ( 1, 0), ( 1, 0), ( 0, 0), ( 1, 0), (-1, 0),
   ( 0, 0), (-1, 0), (-1, 0), ( 1, 0), ( 1, 0), ( 9, 0), ( 2, 0), ( 2, 0),
   ( 1, 0), ( 2, 0), ( 1, 0), ( 2, 0), ( 2, 0), ( 1, 0), ( 2, 0), ( 1, 0),
   ( 1, 0), ( 2, 0), ( 0, 0), ( 1, 0), ( 0, 0), ( 2, 0), ( 2, 0), ( 0, 0),
   ( 1, 0), ( 0, 0), ( 1, 0), ( 0, 0), ( 4, 0), ( 4, 0), ( 2, 0), ( 2, 0),
   ( 2, 0), ( 2, 0), ( 1, 0), ( 1, 0), ( 1, 0), ( 2, 0), ( 1, 0), ( 2, 0),
   ( 1, 0), ( 2, 0), (-1, 0), ( 0, 0), ( 1, 0), ( 1, 0), ( 1, 0), ( 1, 0),
   ( 2, 0), ( 2, 0), ( 5, 0), ( 1, 0), ( 2, 0), (-1, 0), ( 2, 0), ( 0, 0),
   ( 0, 0), ( 0, 0), ( 0, 0), ( 2, 0), ( 0, 0), ( 2, 0), ( 0, 0), ( 0, 0),
   ( 2, 0), ( 2, 0), ( 2, 0), ( 0, 0), ( 1, 0), ( 2, 0), ( 2, 0), ( 2, 0),
   ( 2, 0), ( 2, 0), ( 2, 0), ( 2, 0), ( 2, 0), ( 2, 0), ( 2, 0), ( 2, 0),
   ( 2, 0), ( 2, 0), ( 2, 0), ( 1, 0), ( 2, 0), ( 2, 0), ( 2, 0), ( 2, 0),
   ( 2, 0), ( 2, 0), ( 2, 0), ( 1, 0), ( 1, 0), ( 2, 0), ( 2, 0), ( 2, 0),
   ( 2, 0), ( 2, 0), ( 2, 0), ( 1, 0), ( 2, 0), ( 2, 0), ( 2, 0), ( 1, 0),
   ( 2, 0), ( 2, 0), ( 1, 0), ( 1, 0), ( 2, 0), ( 0, 0), ( 1, 0), ( 1, 0));

CreateLayer               Main;
LayerSetImage             Main 'BoltsSF28';
LayerSetAscent            Main 35;
LayerSetCharWidths        Main CharList WidthList;
LayerSetCharWidths        Main (' ') (11);
LayerSetImageMap          Main CharList RectList;
LayerSetCharOffsets       Main CharList OffsetList;
LayerSetAscentPadding     Main 0;
LayerSetLineSpacingOffset Main 0;
LayerSetPointSize         Main 28;

SetDefaultPointSize  28;
