Define CharList
 ( 'A', 'B', 'C', 'D', 'E', 'F', 'G', 'H', 'I', 'J', 'K', 'L', 'M', 'N', 'O', 'P',
   'Q', 'R', 'S', 'T', 'U', 'V', 'W', 'X', 'Y', 'Z', 'a', 'b', 'c', 'd', 'e', 'f',
   'g', 'h', 'i', 'j', 'k', 'l', 'm', 'n', 'o', 'p', 'q', 'r', 's', 't', 'u', 'v',
   'w', 'x', 'y', 'z', '0', '1', '2', '3', '4', '5', '6', '7', '8', '9', '~', '`',
   '!', '@', '#', '$', '%', '^', '&', '*', '(', ')', '-', '_', '=', '+', '[', '{',
   ']', '}', ';', ':',"'", '"', ',', '<', '.', '>', '/', '?', '¡', '¢', '£', '¥',
   '§', '©', '®', '¿', 'À', 'Á', 'Â', 'Ã', 'Ä', 'Å', 'Æ', 'Ç', 'È', 'É', 'Ê', 'Ë',
   'Ì', 'Í', 'Î', 'Ï', 'Ð', 'Ñ', 'Ò', 'Ó', 'Ô', 'Õ', 'Ö', 'Ø', 'Ù', 'Ú', 'Û', 'Ü',
   'Ý', 'ß', 'à', 'á', 'â', 'ã', 'ä', 'å', 'æ', 'ç', 'è', 'é', 'ê', 'ë', 'ì', 'í',
   'î', 'ï', 'ð', 'ñ', 'ò', 'ó', 'ô', 'õ', 'ö', 'ø', 'ù', 'ú', 'û', 'ü', 'ý', 'ÿ');

Define WidthList
 (   9,  10,   9,  10,   8,   8,   9,  12,   5,   9,  10,   8,  13,  11,   9,  10,
    10,  11,   9,   8,  10,   9,  14,  12,  11,   9,   7,   7,   7,   7,   6,   6,
     7,   8,   4,   7,   8,   6,  10,   8,   7,   7,   7,   7,   7,   6,   8,   7,
    10,   9,   8,   7,  11,   7,   9,   9,  10,  10,   9,   9,   9,   9,  13,   3,
     5,   9,  15,   9,   9,   6,  21,   9,   5,   5,   9,  10,  15,   8,   6,   6,
     6,   6,   4,   3,   4,   7,   4,  20,   3,  20,   9,  10,   6,  10,  12,  12,
    49,  18,  16,  10,   9,   9,   9,   9,   9,   9,  15,   8,   8,   8,   8,   8,
     5,   5,   5,   5,  10,  10,   8,   8,   8,   8,   8,  21,  10,  10,  10,  10,
    11,   9,   7,   7,   7,   7,   7,   7,  11,   6,   6,   6,   6,   6,   4,   4,
     4,   4,  47,   7,   6,   6,   6,   6,   6,  21,   7,   7,   7,   7,   8,   8);

Define RectList
 ( (   0,  0,  9, 24), (  10,  0,  9, 24), (  20,  0,  7, 24), (  28,  0, 10, 24),
   (  39,  0,  8, 24), (  48,  0,  8, 24), (  57,  0,  7, 24), (  65,  0, 11, 24),
   (  77,  0,  5, 24), (  83,  0,  7, 24), (  91,  0, 11, 24), ( 103,  0,  8, 24),
   ( 112,  0, 12, 24), ( 125,  0, 10, 24), ( 136,  0,  7, 24), ( 144,  0,  9, 24),
   ( 154,  0,  8, 24), ( 163,  0, 10, 24), ( 174,  0,  7, 24), ( 182,  0,  7, 24),
   ( 190,  0,  9, 24), ( 200,  0,  9, 24), ( 210,  0, 14, 24), ( 225,  0, 11, 24),
   ( 237,  0, 11, 24), ( 249,  0,  9, 24), ( 259,  0,  7, 24), ( 267,  0,  6, 24),
   ( 274,  0,  5, 24), ( 280,  0,  7, 24), ( 288,  0,  6, 24), ( 295,  0,  5, 24),
   ( 301,  0,  5, 24), ( 307,  0,  8, 24), ( 316,  0,  3, 24), ( 320,  0,  5, 24),
   ( 326,  0,  7, 24), ( 334,  0,  5, 24), ( 340,  0,  9, 24), ( 350,  0,  7, 24),
   ( 358,  0,  5, 24), ( 364,  0,  6, 24), ( 371,  0,  6, 24), ( 378,  0,  7, 24),
   ( 386,  0,  5, 24), ( 392,  0,  6, 24), ( 399,  0,  7, 24), ( 407,  0,  6, 24),
   ( 414,  0, 10, 24), ( 425,  0,  9, 24), ( 435,  0,  8, 24), ( 444,  0,  7, 24),
   ( 452,  0,  9, 24), ( 462,  0,  7, 24), ( 470,  0,  7, 24), ( 478,  0,  7, 24),
   ( 486,  0, 10, 24), ( 497,  0,  9, 24), ( 507,  0,  7, 24), ( 515,  0,  8, 24),
   ( 524,  0,  7, 24), ( 532,  0,  7, 24), ( 540,  0, 13, 24), ( 554,  0,  3, 24),
   ( 558,  0,  5, 24), ( 564,  0,  7, 24), ( 572,  0, 15, 24), ( 588,  0,  8, 24),
   ( 597,  0,  8, 24), ( 606,  0,  6, 24), ( 613,  0, 21, 24), ( 635,  0,  9, 24),
   ( 645,  0,  4, 24), ( 650,  0,  4, 24), ( 655,  0,  9, 24), ( 665,  0, 10, 24),
   ( 676,  0, 15, 24), ( 692,  0,  8, 24), ( 701,  0,  6, 24), ( 708,  0,  6, 24),
   ( 715,  0,  6, 24), ( 722,  0,  6, 24), ( 729,  0,  4, 24), ( 734,  0,  3, 24),
   ( 738,  0,  4, 24), ( 743,  0,  7, 24), ( 751,  0,  4, 24), ( 756,  0, 20, 24),
   ( 777,  0,  3, 24), ( 781,  0, 20, 24), ( 802,  0,  8, 24), ( 811,  0,  8, 24),
   ( 820,  0,  5, 24), ( 826,  0,  8, 24), ( 835,  0, 12, 24), ( 848,  0, 12, 24),
   ( 861,  0, 48, 24), ( 910,  0, 18, 24), ( 929,  0, 14, 24), ( 944,  0,  9, 24),
   ( 954,  0,  9, 24), ( 964,  0,  9, 24), ( 974,  0,  9, 24), ( 984,  0,  9, 24),
   ( 994,  0,  9, 24), (1004,  0,  9, 24), (1014,  0, 15, 24), (1030,  0,  7, 24),
   (1038,  0,  8, 24), (1047,  0,  8, 24), (1056,  0,  8, 24), (1065,  0,  8, 24),
   (1074,  0,  5, 24), (1080,  0,  5, 24), (1086,  0,  7, 24), (1094,  0,  6, 24),
   (1101,  0, 10, 24), (1112,  0, 10, 24), (1123,  0,  7, 24), (1131,  0,  7, 24),
   (1139,  0,  7, 24), (1147,  0,  9, 24), (1157,  0,  7, 24), (1165,  0, 21, 24),
   (1187,  0,  9, 24), (1197,  0,  9, 24), (1207,  0,  9, 24), (1217,  0,  9, 24),
   (1227,  0, 11, 24), (1239,  0,  9, 24), (1249,  0,  7, 24), (1257,  0,  7, 24),
   (1265,  0,  7, 24), (1273,  0,  9, 24), (1283,  0,  7, 24), (1291,  0,  7, 24),
   (1299,  0, 11, 24), (1311,  0,  6, 24), (1318,  0,  6, 24), (1325,  0,  6, 24),
   (1332,  0,  7, 24), (1340,  0,  6, 24), (1347,  0,  4, 24), (1352,  0,  3, 24),
   (1356,  0,  6, 24), (1363,  0,  4, 24), (1368,  0, 47, 24), (1416,  0, 10, 24),
   (1427,  0,  5, 24), (1433,  0,  5, 24), (1439,  0,  7, 24), (1447,  0,  9, 24),
   (1457,  0,  5, 24), (1463,  0, 21, 24), (1485,  0,  7, 24), (1493,  0,  7, 24),
   (1501,  0,  7, 24), (1509,  0,  7, 24), (1517,  0,  8, 24), (1526,  0,  8, 24));

Define OffsetList
 ( ( 0, 0), ( 0, 0), ( 1, 0), ( 0, 0), ( 0, 0), ( 0, 0), ( 1, 0), ( 0, 0),
   (-1, 0), ( 1, 0), ( 0, 0), ( 0, 0), ( 0, 0), ( 0, 0), ( 1, 0), ( 0, 0),
   ( 1, 0), ( 0, 0), ( 1, 0), ( 0, 0), ( 0, 0), ( 0, 0), ( 0, 0), ( 0, 0),
   ( 0, 0), ( 0, 0), ( 0, 0), ( 0, 0), ( 1, 0), ( 0, 0), ( 0, 0), ( 0, 0),
   ( 1, 0), ( 0, 0), ( 0, 0), ( 1, 0), ( 0, 0), ( 0, 0), ( 0, 0), ( 0, 0),
   ( 1, 0), ( 0, 0), ( 1, 0), ( 0, 0), ( 1, 0), ( 0, 0), ( 0, 0), ( 0, 0),
   ( 0, 0), ( 0, 0), ( 0, 0), ( 0, 0), ( 1, 0), ( 0, 0), ( 1, 0), ( 1, 0),
   ( 0, 0), ( 0, 0), ( 1, 0), ( 0, 0), ( 1, 0), ( 1, 0), ( 0, 0), ( 0, 0),
   ( 0, 0), ( 1, 0), ( 0, 0), ( 0, 0), ( 0, 0), ( 0, 0), ( 0, 0), ( 0, 0),
   ( 1, 0), ( 0, 0), ( 0, 0), ( 0, 0), ( 0, 0), ( 0, 0), ( 0, 0), ( 0, 0),
   (-1, 0), ( 0, 0), ( 0, 0), ( 0, 0), ( 0, 0), ( 0, 0), ( 0, 0), ( 0, 0),
   ( 0, 0), ( 0, 0), ( 0, 0), ( 1, 0), ( 0, 0), ( 1, 0), ( 0, 0), ( 0, 0),
   ( 0, 0), ( 0, 0), ( 1, 0), ( 0, 0), ( 0, 0), ( 0, 0), ( 0, 0), ( 0, 0),
   ( 0, 0), ( 0, 0), ( 0, 0), ( 1, 0), ( 0, 0), ( 0, 0), ( 0, 0), ( 0, 0),
   (-1, 0), (-1, 0), (-1, 0), (-1, 0), ( 0, 0), ( 0, 0), ( 1, 0), ( 1, 0),
   ( 1, 0), ( 0, 0), ( 1, 0), ( 0, 0), ( 0, 0), ( 0, 0), ( 0, 0), ( 0, 0),
   ( 0, 0), ( 0, 0), ( 0, 0), ( 0, 0), ( 0, 0), ( 0, 0), ( 0, 0), ( 0, 0),
   ( 0, 0), ( 0, 0), ( 0, 0), ( 0, 0), (-1, 0), ( 0, 0), ( 0, 0), ( 0, 0),
   (-2, 0), ( 0, 0), ( 0, 0), ( 0, 0), ( 1, 0), ( 1, 0), (-1, 0), ( 0, 0),
   ( 1, 0), ( 0, 0), ( 0, 0), ( 0, 0), ( 0, 0), ( 0, 0), ( 0, 0), ( 0, 0));

Define KerningPairs
 ("AU","AW","AV","AB","AT","AY","Ad","Ae","At","Au","Av","Aw","Ay","A\"","A'","LV",
  "LT","LY","Lv","Lw","Ly","L\"","L'","NO","Ku","Ky","HU","V:","V;","V.","V,","DA",
  "P.","P,","QR","RW","RV","RY","Ry","T:","T;","Ta","Te","Ti","To","Tr","Ts","Tu",
  "Tw","Ty","T-","T.","T,","XY","Ya","Ye","Yi","Yo","Yp","Yr","Yu","Yv","ab","at",
  "aw","hu","no","qr","v.","v,","w.","w,","xy","y.","y,","FJ","Fy");

Define KerningValues
 (  -1,  -2,  -2,  -1,  -2,  -2,  -1,  -1,  -1,  -1,  -1,  -1,  -1,  -1,  -1,  -1,
    -1,  -1,  -1,  -1,  -1,  -1,  -1,   1,  -1,  -1,  -1,  -1,  -1,  -1,  -1,   1,
    -1,  -1,  -1,  -1,  -1,  -1,  -1,  -1,  -1,  -1,  -1,  -1,  -1,  -1,  -1,  -1,
    -1,  -1,  -1,  -1,  -1,  -1,  -1,  -1,  -1,  -1,  -1,  -1,  -1,  -1,  -1,  -2,
    -2,  -1,   1,  -1,  -1,  -1,  -1,  -1,  -1,  -2,  -2,  -1,  -1);

CreateLayer               Main;
LayerSetImage             Main 'FALLINGSKIES14';
LayerSetAscent            Main 21;
LayerSetCharWidths        Main CharList WidthList;
LayerSetCharWidths        Main (' ') (9);
LayerSetKerningPairs      Main KerningPairs KerningValues;
LayerSetImageMap          Main CharList RectList;
LayerSetCharOffsets       Main CharList OffsetList;
LayerSetAscentPadding     Main 0;
LayerSetLineSpacingOffset Main 0;
LayerSetPointSize         Main 14;

SetDefaultPointSize  14;
