Define CharList
 ( 'A', 'B', 'C', 'D', 'E', 'F', 'G', 'H', 'I', 'J', 'K', 'L', 'M', 'N', 'O', 'P',
   'Q', 'R', 'S', 'T', 'U', 'V', 'W', 'X', 'Y', 'Z', 'a', 'b', 'c', 'd', 'e', 'f',
   'g', 'h', 'i', 'j', 'k', 'l', 'm', 'n', 'o', 'p', 'q', 'r', 's', 't', 'u', 'v',
   'w', 'x', 'y', 'z', '0', '1', '2', '3', '4', '5', '6', '7', '8', '9', '~', '`',
   '!', '@', '#', '$', '%', '^', '&', '*', '(', ')', '-', '_', '=', '+', '[', '{',
   ']', '}', ';', ':',"'", '"', ',', '<', '.', '>', '/', '?', '¡', '¢', '£', '¥',
   '§', '©', '®', '¿', 'À', 'Á', 'Â', 'Ã', 'Ä', 'Å', 'Æ', 'Ç', 'È', 'É', 'Ê', 'Ë',
   'Ì', 'Í', 'Î', 'Ï', 'Ð', 'Ñ', 'Ò', 'Ó', 'Ô', 'Õ', 'Ö', 'Ø', 'Ù', 'Ú', 'Û', 'Ü',
   'Ý', 'ß', 'à', 'á', 'â', 'ã', 'ä', 'å', 'æ', 'ç', 'è', 'é', 'ê', 'ë', 'ì', 'í',
   'î', 'ï', 'ð', 'ñ', 'ò', 'ó', 'ô', 'õ', 'ö', 'ø', 'ù', 'ú', 'û', 'ü', 'ý', 'ÿ');

Define WidthList
 (  17,  20,  23,  22,  20,  23,  23,  20,   5,  22,  20,  19,  20,  20,  22,  20,
    22,  20,  23,  23,  22,  22,  31,  22,  22,  22,  17,  20,  22,  22,  20,  20,
    22,  20,   5,  22,  20,  19,  20,  20,  22,  20,  22,  20,  20,  20,  22,  22,
    31,  22,  22,  22,  22,   7,  20,  20,  22,  20,  20,  21,  20,  20,  17,   5,
     3,  22,   8,   8,  12,   7,   9,   5,   5,   5,   8,   8,  16,   8,   4,   5,
     4,   5,   4,   4,   3,   5,   4,   8,   8,   8,   4,   8,   3,   8,   8,   8,
     8,  10,  10,   8,  17,  17,  17,  17,  17,  17,  14,  23,  20,  20,  20,  20,
     5,   5,   5,   5,  10,  20,  22,  22,  22,  22,  22,  11,  22,  22,  22,  22,
     9,   9,  17,  17,  17,  17,  17,  17,  13,  23,  20,  20,  20,  20,   5,   5,
     5,   5,   8,  20,  22,  22,  22,  22,  22,   8,  22,  22,  22,  22,   7,   7);

Define RectList
 ( (   0,  0, 17, 20), (  18,  0, 19, 20), (  38,  0, 23, 20), (  62,  0, 21, 20),
   (  84,  0, 19, 20), ( 104,  0, 23, 20), ( 128,  0, 23, 20), ( 152,  0, 19, 20),
   ( 172,  0,  4, 20), ( 177,  0, 21, 20), ( 199,  0, 19, 20), ( 219,  0, 19, 20),
   ( 239,  0, 19, 20), ( 259,  0, 19, 20), ( 279,  0, 21, 20), ( 301,  0, 19, 20),
   ( 321,  0, 21, 20), ( 343,  0, 19, 20), ( 363,  0, 23, 20), ( 387,  0, 23, 20),
   ( 411,  0, 21, 20), ( 433,  0, 21, 20), ( 455,  0, 30, 20), ( 486,  0, 21, 20),
   ( 508,  0, 21, 20), ( 530,  0, 21, 20), ( 552,  0, 17, 20), ( 570,  0, 19, 20),
   ( 590,  0, 21, 20), ( 612,  0, 21, 20), ( 634,  0, 19, 20), ( 654,  0, 19, 20),
   ( 674,  0, 21, 20), ( 696,  0, 19, 20), ( 716,  0,  4, 20), ( 721,  0, 21, 20),
   ( 743,  0, 19, 20), ( 763,  0, 19, 20), ( 783,  0, 19, 20), ( 803,  0, 19, 20),
   ( 823,  0, 21, 20), ( 845,  0, 19, 20), ( 865,  0, 21, 20), ( 887,  0, 19, 20),
   ( 907,  0, 19, 20), ( 927,  0, 19, 20), ( 947,  0, 21, 20), ( 969,  0, 21, 20),
   ( 991,  0, 30, 20), (1022,  0, 21, 20), (1044,  0, 21, 20), (1066,  0, 21, 20),
   (1088,  0, 21, 20), (1110,  0,  6, 20), (1117,  0, 19, 20), (1137,  0, 19, 20),
   (1157,  0, 21, 20), (1179,  0, 19, 20), (1199,  0, 19, 20), (1219,  0, 21, 20),
   (1241,  0, 19, 20), (1261,  0, 19, 20), (1281,  0, 17, 20), (1299,  0,  2, 20),
   (1302,  0,  1, 20), (1304,  0, 21, 20), (1326,  0,  8, 20), (1335,  0,  6, 20),
   (1342,  0, 10, 20), (1353,  0,  5, 20), (1359,  0,  7, 20), (1367,  0,  5, 20),
   (1373,  0,  3, 20), (1377,  0,  3, 20), (1381,  0,  5, 20), (1387,  0,  8, 20),
   (1396,  0, 16, 20), (1413,  0,  7, 20), (1421,  0,  3, 20), (1425,  0,  5, 20),
   (1431,  0,  3, 20), (1435,  0,  5, 20), (1441,  0,  2, 20), (1444,  0,  1, 20),
   (1446,  0,  1, 20), (1448,  0,  3, 20), (1452,  0,  2, 20), (1455,  0,  6, 20),
   (1462,  0,  5, 20), (1468,  0,  6, 20), (1475,  0,  4, 20), (1480,  0,  6, 20),
   (1487,  0,  1, 20), (1489,  0,  6, 20), (1496,  0,  7, 20), (1504,  0,  7, 20),
   (1512,  0,  6, 20), (1519,  0, 10, 20), (1530,  0, 10, 20), (1541,  0,  6, 20),
   (1548,  0, 17, 20), (1566,  0, 17, 20), (1584,  0, 17, 20), (1602,  0, 17, 20),
   (1620,  0, 17, 20), (1638,  0, 17, 20), (1656,  0, 13, 20), (1670,  0, 23, 20),
   (1694,  0, 19, 20), (1714,  0, 19, 20), (1734,  0, 19, 20), (1754,  0, 19, 20),
   (1774,  0,  8, 20), (1783,  0,  8, 20), (1792,  0,  4, 20), (1797,  0, 14, 20),
   (1812,  0,  9, 20), (1822,  0, 19, 20), (1842,  0, 21, 20), (1864,  0, 21, 20),
   (1886,  0, 21, 20), (1908,  0, 21, 20), (1930,  0, 21, 20), (1952,  0,  9, 20),
   (1962,  0, 21, 20), (1984,  0, 21, 20), (2006,  0, 21, 20), (2028,  0, 21, 20),
   (2050,  0,  9, 20), (2060,  0,  7, 20), (2068,  0, 17, 20), (2086,  0, 17, 20),
   (2104,  0, 17, 20), (2122,  0, 17, 20), (2140,  0, 17, 20), (2158,  0, 17, 20),
   (2176,  0, 11, 20), (2188,  0, 23, 20), (2212,  0, 19, 20), (2232,  0, 19, 20),
   (2252,  0, 19, 20), (2272,  0, 19, 20), (2292,  0,  8, 20), (2301,  0,  8, 20),
   (2310,  0,  4, 20), (2315,  0, 14, 20), (2330,  0,  6, 20), (2337,  0, 19, 20),
   (2357,  0, 21, 20), (2379,  0, 21, 20), (2401,  0, 21, 20), (2423,  0, 21, 20),
   (2445,  0, 21, 20), (2467,  0,  6, 20), (2474,  0, 21, 20), (2496,  0, 21, 20),
   (2518,  0, 21, 20), (2540,  0, 21, 20), (2562,  0,  7, 20), (2570,  0,  7, 20));

Define OffsetList
 ( ( 0, 0), ( 0, 0), ( 0, 0), ( 0, 0), ( 0, 0), ( 0, 0), ( 0, 0), ( 0, 0),
   ( 0, 0), ( 0, 0), ( 0, 0), ( 0, 0), ( 0, 0), ( 0, 0), ( 0, 0), ( 0, 0),
   ( 0, 0), ( 0, 0), ( 0, 0), ( 0, 0), ( 0, 0), ( 0, 0), ( 0, 0), ( 0, 0),
   ( 0, 0), ( 0, 0), ( 0, 0), ( 0, 0), ( 0, 0), ( 0, 0), ( 0, 0), ( 0, 0),
   ( 0, 0), ( 0, 0), ( 0, 0), ( 0, 0), ( 0, 0), ( 0, 0), ( 0, 0), ( 0, 0),
   ( 0, 0), ( 0, 0), ( 0, 0), ( 0, 0), ( 0, 0), ( 0, 0), ( 0, 0), ( 0, 0),
   ( 0, 0), ( 0, 0), ( 0, 0), ( 0, 0), ( 0, 0), ( 0, 0), ( 0, 0), ( 0, 0),
   ( 0, 0), ( 0, 0), ( 0, 0), ( 0, 0), ( 0, 0), ( 0, 0), ( 0, 0), ( 1, 0),
   ( 1, 0), ( 0, 0), ( 0, 0), ( 1, 0), ( 1, 0), ( 1, 0), ( 1, 0), ( 0, 0),
   ( 1, 0), ( 1, 0), ( 2, 0), ( 0, 0), ( 0, 0), ( 0, 0), ( 1, 0), ( 0, 0),
   ( 0, 0), ( 0, 0), ( 1, 0), ( 1, 0), ( 1, 0), ( 1, 0), ( 1, 0), ( 1, 0),
   ( 1, 0), ( 1, 0), ( 0, 0), ( 1, 0), ( 1, 0), ( 1, 0), ( 0, 0), ( 0, 0),
   ( 1, 0), ( 0, 0), ( 0, 0), ( 1, 0), ( 0, 0), ( 0, 0), ( 0, 0), ( 0, 0),
   ( 0, 0), ( 0, 0), ( 0, 0), ( 0, 0), ( 0, 0), ( 0, 0), ( 0, 0), ( 0, 0),
   (-4, 0), ( 0, 0), ( 0, 0), (-5, 0), ( 0, 0), ( 0, 0), ( 0, 0), ( 0, 0),
   ( 0, 0), ( 0, 0), ( 0, 0), ( 1, 0), ( 0, 0), ( 0, 0), ( 0, 0), ( 0, 0),
   ( 0, 0), ( 1, 0), ( 0, 0), ( 0, 0), ( 0, 0), ( 0, 0), ( 0, 0), ( 0, 0),
   ( 1, 0), ( 0, 0), ( 0, 0), ( 0, 0), ( 0, 0), ( 0, 0), (-4, 0), ( 0, 0),
   ( 0, 0), (-5, 0), ( 1, 0), ( 0, 0), ( 0, 0), ( 0, 0), ( 0, 0), ( 0, 0),
   ( 0, 0), ( 1, 0), ( 0, 0), ( 0, 0), ( 0, 0), ( 0, 0), ( 0, 0), ( 0, 0));

CreateLayer               Main;
LayerSetImage             Main 'N-Gage14';
LayerSetAscent            Main 18;
LayerSetCharWidths        Main CharList WidthList;
LayerSetCharWidths        Main (' ') (6);
LayerSetImageMap          Main CharList RectList;
LayerSetCharOffsets       Main CharList OffsetList;
LayerSetAscentPadding     Main 0;
LayerSetLineSpacingOffset Main 0;
LayerSetPointSize         Main 14;

SetDefaultPointSize  14;
