Define CharList
 ( 'A', 'B', 'C', 'D', 'E', 'F', 'G', 'H', 'I', 'J', 'K', 'L', 'M', 'N', 'O', 'P',
   'Q', 'R', 'S', 'T', 'U', 'V', 'W', 'X', 'Y', 'Z', 'a', 'b', 'c', 'd', 'e', 'f',
   'g', 'h', 'i', 'j', 'k', 'l', 'm', 'n', 'o', 'p', 'q', 'r', 's', 't', 'u', 'v',
   'w', 'x', 'y', 'z', '0', '1', '2', '3', '4', '5', '6', '7', '8', '9', '~', '`',
   '!', '@', '#', '$', '%', '^', '&', '*', '(', ')', '-', '_', '=', '+', '[', '{',
   ']', '}', ';', ':',"'", '"', ',', '<', '.', '>', '/', '?', '¡', '¢', '£', '¥',
   '§', '©', '®', '¿', 'À', 'Á', 'Â', 'Ã', 'Ä', 'Å', 'Æ', 'Ç', 'È', 'É', 'Ê', 'Ë',
   'Ì', 'Í', 'Î', 'Ï', 'Ð', 'Ñ', 'Ò', 'Ó', 'Ô', 'Õ', 'Ö', 'Ø', 'Ù', 'Ú', 'Û', 'Ü',
   'Ý', 'ß', 'à', 'á', 'â', 'ã', 'ä', 'å', 'æ', 'ç', 'è', 'é', 'ê', 'ë', 'ì', 'í',
   'î', 'ï', 'ð', 'ñ', 'ò', 'ó', 'ô', 'õ', 'ö', 'ø', 'ù', 'ú', 'û', 'ü', 'ý', 'ÿ');

Define WidthList
 (  12,  14,  16,  15,  14,  15,  16,  14,   3,  15,  14,  13,  14,  14,  15,  14,
    15,  14,  15,  15,  15,  15,  21,  15,  15,  15,  12,  14,  15,  15,  14,  14,
    15,  14,   3,  15,  14,  13,  14,  14,  15,  14,  15,  14,  14,  13,  15,  15,
    21,  15,  15,  15,  15,   5,  14,  14,  15,  14,  14,  15,  14,  14,  12,   3,
     3,  15,   5,   5,   8,   5,   6,   4,   3,   3,   6,   5,  11,   5,   3,   3,
     3,   3,   3,   3,   2,   3,   3,   5,   6,   5,   3,   5,   3,   5,   5,   5,
     5,   7,   7,   5,  12,  12,  12,  12,  12,  12,   9,  16,  14,  14,  14,  14,
     3,   3,   3,   3,   7,  14,  15,  15,  15,  15,  15,   7,  15,  15,  15,  15,
     5,   6,  12,  12,  12,  12,  12,  12,   8,  16,  14,  14,  14,  14,   3,   3,
     3,   3,   5,  14,  15,  15,  15,  15,  15,   5,  15,  15,  15,  15,   5,   5);

Define RectList
 ( (   0,  0, 11, 13), (  12,  0, 13, 13), (  26,  0, 16, 13), (  43,  0, 14, 13),
   (  58,  0, 13, 13), (  72,  0, 16, 13), (  89,  0, 16, 13), ( 106,  0, 13, 13),
   ( 120,  0,  3, 13), ( 124,  0, 14, 13), ( 139,  0, 13, 13), ( 153,  0, 13, 13),
   ( 167,  0, 13, 13), ( 181,  0, 13, 13), ( 195,  0, 14, 13), ( 210,  0, 13, 13),
   ( 224,  0, 14, 13), ( 239,  0, 13, 13), ( 253,  0, 16, 13), ( 270,  0, 16, 13),
   ( 287,  0, 14, 13), ( 302,  0, 12, 13), ( 315,  0, 19, 13), ( 335,  0, 12, 13),
   ( 348,  0, 14, 13), ( 363,  0, 14, 13), ( 378,  0, 11, 13), ( 390,  0, 13, 13),
   ( 404,  0, 14, 13), ( 419,  0, 14, 13), ( 434,  0, 13, 13), ( 448,  0, 13, 13),
   ( 462,  0, 14, 13), ( 477,  0, 13, 13), ( 491,  0,  3, 13), ( 495,  0, 14, 13),
   ( 510,  0, 13, 13), ( 524,  0, 13, 13), ( 538,  0, 13, 13), ( 552,  0, 13, 13),
   ( 566,  0, 14, 13), ( 581,  0, 13, 13), ( 595,  0, 14, 13), ( 610,  0, 13, 13),
   ( 624,  0, 13, 13), ( 638,  0, 13, 13), ( 652,  0, 14, 13), ( 667,  0, 12, 13),
   ( 680,  0, 19, 13), ( 700,  0, 12, 13), ( 713,  0, 14, 13), ( 728,  0, 14, 13),
   ( 743,  0, 14, 13), ( 758,  0,  4, 13), ( 763,  0, 13, 13), ( 777,  0, 13, 13),
   ( 791,  0, 14, 13), ( 806,  0, 13, 13), ( 820,  0, 13, 13), ( 834,  0, 14, 13),
   ( 849,  0, 13, 13), ( 863,  0, 13, 13), ( 877,  0, 11, 13), ( 889,  0,  2, 13),
   ( 892,  0,  1, 13), ( 894,  0, 14, 13), ( 909,  0,  4, 13), ( 914,  0,  4, 13),
   ( 919,  0,  6, 13), ( 926,  0,  5, 13), ( 932,  0,  4, 13), ( 937,  0,  3, 13),
   ( 941,  0,  2, 13), ( 944,  0,  2, 13), ( 947,  0,  3, 13), ( 951,  0,  5, 13),
   ( 957,  0, 10, 13), ( 968,  0,  5, 13), ( 974,  0,  2, 13), ( 977,  0,  3, 13),
   ( 981,  0,  2, 13), ( 984,  0,  3, 13), ( 988,  0,  2, 13), ( 991,  0,  1, 13),
   ( 993,  0,  1, 13), ( 995,  0,  3, 13), ( 999,  0,  2, 13), (1002,  0,  4, 13),
   (1007,  0,  3, 13), (1011,  0,  4, 13), (1016,  0,  3, 13), (1020,  0,  4, 13),
   (1025,  0,  1, 13), (1027,  0,  4, 13), (1032,  0,  4, 13), (1037,  0,  5, 13),
   (1043,  0,  4, 13), (1048,  0,  7, 13), (1056,  0,  7, 13), (1064,  0,  4, 13),
   (1069,  0, 11, 13), (1081,  0, 11, 13), (1093,  0, 11, 13), (1105,  0, 11, 13),
   (1117,  0, 11, 13), (1129,  0, 11, 13), (1141,  0,  8, 13), (1150,  0, 16, 13),
   (1167,  0, 13, 13), (1181,  0, 13, 13), (1195,  0, 13, 13), (1209,  0, 13, 13),
   (1223,  0,  5, 13), (1229,  0,  5, 13), (1235,  0,  3, 13), (1239,  0,  9, 13),
   (1249,  0,  6, 13), (1256,  0, 13, 13), (1270,  0, 14, 13), (1285,  0, 14, 13),
   (1300,  0, 14, 13), (1315,  0, 14, 13), (1330,  0, 14, 13), (1345,  0,  5, 13),
   (1351,  0, 14, 13), (1366,  0, 14, 13), (1381,  0, 14, 13), (1396,  0, 14, 13),
   (1411,  0,  5, 13), (1417,  0,  5, 13), (1423,  0, 11, 13), (1435,  0, 11, 13),
   (1447,  0, 11, 13), (1459,  0, 11, 13), (1471,  0, 11, 13), (1483,  0, 11, 13),
   (1495,  0,  7, 13), (1503,  0, 16, 13), (1520,  0, 13, 13), (1534,  0, 13, 13),
   (1548,  0, 13, 13), (1562,  0, 13, 13), (1576,  0,  5, 13), (1582,  0,  5, 13),
   (1588,  0,  3, 13), (1592,  0,  9, 13), (1602,  0,  4, 13), (1607,  0, 13, 13),
   (1621,  0, 14, 13), (1636,  0, 14, 13), (1651,  0, 14, 13), (1666,  0, 14, 13),
   (1681,  0, 14, 13), (1696,  0,  4, 13), (1701,  0, 14, 13), (1716,  0, 14, 13),
   (1731,  0, 14, 13), (1746,  0, 14, 13), (1761,  0,  5, 13), (1767,  0,  5, 13));

Define OffsetList
 ( ( 0, 0), ( 0, 0), ( 0, 0), ( 0, 0), ( 0, 0), ( 0, 0), ( 0, 0), ( 0, 0),
   ( 0, 0), ( 0, 0), ( 0, 0), ( 0, 0), ( 0, 0), ( 0, 0), ( 0, 0), ( 0, 0),
   ( 0, 0), ( 0, 0), ( 0, 0), ( 0, 0), ( 0, 0), ( 1, 0), ( 1, 0), ( 1, 0),
   ( 0, 0), ( 0, 0), ( 0, 0), ( 0, 0), ( 0, 0), ( 0, 0), ( 0, 0), ( 0, 0),
   ( 0, 0), ( 0, 0), ( 0, 0), ( 0, 0), ( 0, 0), ( 0, 0), ( 0, 0), ( 0, 0),
   ( 0, 0), ( 0, 0), ( 0, 0), ( 0, 0), ( 0, 0), ( 0, 0), ( 0, 0), ( 1, 0),
   ( 1, 0), ( 1, 0), ( 0, 0), ( 0, 0), ( 0, 0), ( 0, 0), ( 0, 0), ( 0, 0),
   ( 0, 0), ( 0, 0), ( 0, 0), ( 0, 0), ( 0, 0), ( 0, 0), ( 0, 0), ( 0, 0),
   ( 1, 0), ( 0, 0), ( 0, 0), ( 0, 0), ( 1, 0), ( 0, 0), ( 1, 0), ( 0, 0),
   ( 1, 0), ( 0, 0), ( 1, 0), ( 0, 0), ( 0, 0), ( 0, 0), ( 1, 0), ( 0, 0),
   ( 0, 0), ( 0, 0), ( 0, 0), ( 1, 0), ( 0, 0), ( 0, 0), ( 0, 0), ( 0, 0),
   ( 1, 0), ( 0, 0), ( 0, 0), ( 0, 0), ( 1, 0), ( 0, 0), ( 0, 0), ( 0, 0),
   ( 0, 0), ( 0, 0), ( 0, 0), ( 0, 0), ( 0, 0), ( 0, 0), ( 0, 0), ( 0, 0),
   ( 0, 0), ( 0, 0), ( 0, 0), ( 0, 0), ( 0, 0), ( 0, 0), ( 0, 0), ( 0, 0),
   (-2, 0), ( 0, 0), ( 0, 0), (-3, 0), ( 0, 0), ( 0, 0), ( 0, 0), ( 0, 0),
   ( 0, 0), ( 0, 0), ( 0, 0), ( 1, 0), ( 0, 0), ( 0, 0), ( 0, 0), ( 0, 0),
   ( 0, 0), ( 0, 0), ( 0, 0), ( 0, 0), ( 0, 0), ( 0, 0), ( 0, 0), ( 0, 0),
   ( 0, 0), ( 0, 0), ( 0, 0), ( 0, 0), ( 0, 0), ( 0, 0), (-2, 0), ( 0, 0),
   ( 0, 0), (-3, 0), ( 0, 0), ( 0, 0), ( 0, 0), ( 0, 0), ( 0, 0), ( 0, 0),
   ( 0, 0), ( 0, 0), ( 0, 0), ( 0, 0), ( 0, 0), ( 0, 0), (-1, 0), (-1, 0));

CreateLayer               Main;
LayerSetImage             Main 'N-Gage10';
LayerSetAscent            Main 12;
LayerSetCharWidths        Main CharList WidthList;
LayerSetCharWidths        Main (' ') (4);
LayerSetImageMap          Main CharList RectList;
LayerSetCharOffsets       Main CharList OffsetList;
LayerSetAscentPadding     Main 0;
LayerSetLineSpacingOffset Main 0;
LayerSetPointSize         Main 10;

SetDefaultPointSize  10;
