Define CharList
 ( 'A', 'B', 'C', 'D', 'E', 'F', 'G', 'H', 'I', 'J', 'K', 'L', 'M', 'N', 'O', 'P',
   'Q', 'R', 'S', 'T', 'U', 'V', 'W', 'X', 'Y', 'Z', 'a', 'b', 'c', 'd', 'e', 'f',
   'g', 'h', 'i', 'j', 'k', 'l', 'm', 'n', 'o', 'p', 'q', 'r', 's', 't', 'u', 'v',
   'w', 'x', 'y', 'z', '0', '1', '2', '3', '4', '5', '6', '7', '8', '9', '~', '`',
   '!', '@', '#', '$', '%', '^', '&', '*', '(', ')', '-', '_', '=', '+', '[', '{',
   ']', '}', ';', ':',"'", '"', ',', '<', '.', '>', '/', '?', '¡', '¢', '£', '¥',
   '§', '©', '®', '¿', 'À', 'Á', 'Â', 'Ã', 'Ä', 'Å', 'Æ', 'Ç', 'È', 'É', 'Ê', 'Ë',
   'Ì', 'Í', 'Î', 'Ï', 'Ð', 'Ñ', 'Ò', 'Ó', 'Ô', 'Õ', 'Ö', 'Ø', 'Ù', 'Ú', 'Û', 'Ü',
   'Ý', 'ß', 'à', 'á', 'â', 'ã', 'ä', 'å', 'æ', 'ç', 'è', 'é', 'ê', 'ë', 'ì', 'í',
   'î', 'ï', 'ð', 'ñ', 'ò', 'ó', 'ô', 'õ', 'ö', 'ø', 'ù', 'ú', 'û', 'ü', 'ý', 'ÿ');

Define WidthList
 (  19,  22,  25,  24,  22,  25,  25,  22,   5,  24,  22,  22,  22,  22,  24,  22,
    24,  22,  25,  25,  24,  24,  34,  24,  24,  24,  19,  22,  24,  24,  22,  22,
    24,  22,   5,  24,  22,  22,  22,  22,  24,  22,  24,  22,  22,  22,  24,  24,
    34,  24,  24,  24,  24,   7,  22,  22,  24,  22,  22,  24,  22,  22,  19,   5,
     3,  24,   8,   8,  13,   7,  10,   6,   5,   5,   9,   8,  18,   9,   4,   5,
     4,   5,   4,   4,   3,   5,   4,   9,   9,   9,   4,   8,   3,   8,   8,   8,
     8,  11,  11,   8,  19,  19,  19,  19,  19,  19,  15,  25,  22,  22,  22,  22,
     5,   5,   5,   5,  11,  22,  24,  24,  24,  24,  24,  12,  24,  24,  24,  24,
     9,   9,  19,  19,  19,  19,  19,  19,  13,  25,  22,  22,  22,  22,   5,   5,
     5,   5,   8,  22,  24,  24,  24,  24,  24,   9,  24,  24,  24,  24,   7,   7);

Define RectList
 ( (   0,  0, 18, 22), (  19,  0, 21, 22), (  41,  0, 26, 22), (  68,  0, 23, 22),
   (  92,  0, 21, 22), ( 114,  0, 26, 22), ( 141,  0, 26, 22), ( 168,  0, 21, 22),
   ( 190,  0,  5, 22), ( 196,  0, 23, 22), ( 220,  0, 21, 22), ( 242,  0, 21, 22),
   ( 264,  0, 21, 22), ( 286,  0, 21, 22), ( 308,  0, 23, 22), ( 332,  0, 21, 22),
   ( 354,  0, 23, 22), ( 378,  0, 21, 22), ( 400,  0, 26, 22), ( 427,  0, 26, 22),
   ( 454,  0, 23, 22), ( 478,  0, 23, 22), ( 502,  0, 33, 22), ( 536,  0, 23, 22),
   ( 560,  0, 23, 22), ( 584,  0, 23, 22), ( 608,  0, 18, 22), ( 627,  0, 21, 22),
   ( 649,  0, 23, 22), ( 673,  0, 23, 22), ( 697,  0, 21, 22), ( 719,  0, 21, 22),
   ( 741,  0, 23, 22), ( 765,  0, 21, 22), ( 787,  0,  5, 22), ( 793,  0, 23, 22),
   ( 817,  0, 21, 22), ( 839,  0, 21, 22), ( 861,  0, 21, 22), ( 883,  0, 21, 22),
   ( 905,  0, 23, 22), ( 929,  0, 21, 22), ( 951,  0, 23, 22), ( 975,  0, 21, 22),
   ( 997,  0, 21, 22), (1019,  0, 21, 22), (1041,  0, 23, 22), (1065,  0, 23, 22),
   (1089,  0, 33, 22), (1123,  0, 23, 22), (1147,  0, 23, 22), (1171,  0, 23, 22),
   (1195,  0, 23, 22), (1219,  0,  7, 22), (1227,  0, 21, 22), (1249,  0, 21, 22),
   (1271,  0, 23, 22), (1295,  0, 21, 22), (1317,  0, 21, 22), (1339,  0, 23, 22),
   (1363,  0, 21, 22), (1385,  0, 21, 22), (1407,  0, 19, 22), (1427,  0,  2, 22),
   (1430,  0,  1, 22), (1432,  0, 23, 22), (1456,  0,  8, 22), (1465,  0,  6, 22),
   (1472,  0, 11, 22), (1484,  0,  5, 22), (1490,  0,  8, 22), (1499,  0,  5, 22),
   (1505,  0,  4, 22), (1510,  0,  4, 22), (1515,  0,  5, 22), (1521,  0,  8, 22),
   (1530,  0, 17, 22), (1548,  0,  7, 22), (1556,  0,  3, 22), (1560,  0,  5, 22),
   (1566,  0,  3, 22), (1570,  0,  5, 22), (1576,  0,  2, 22), (1579,  0,  1, 22),
   (1581,  0,  1, 22), (1583,  0,  4, 22), (1588,  0,  2, 22), (1591,  0,  7, 22),
   (1599,  0,  6, 22), (1606,  0,  7, 22), (1614,  0,  4, 22), (1619,  0,  6, 22),
   (1626,  0,  1, 22), (1628,  0,  6, 22), (1635,  0,  7, 22), (1643,  0,  7, 22),
   (1651,  0,  6, 22), (1658,  0, 11, 22), (1670,  0, 11, 22), (1682,  0,  6, 22),
   (1689,  0, 18, 22), (1708,  0, 18, 22), (1727,  0, 18, 22), (1746,  0, 18, 22),
   (1765,  0, 18, 22), (1784,  0, 18, 22), (1803,  0, 14, 22), (1818,  0, 26, 22),
   (1845,  0, 21, 22), (1867,  0, 21, 22), (1889,  0, 21, 22), (1911,  0, 21, 22),
   (1933,  0,  9, 22), (1943,  0,  8, 22), (1952,  0,  5, 22), (1958,  0, 16, 22),
   (1975,  0, 10, 22), (1986,  0, 21, 22), (2008,  0, 23, 22), (2032,  0, 23, 22),
   (2056,  0, 23, 22), (2080,  0, 23, 22), (2104,  0, 23, 22), (2128,  0, 10, 22),
   (2139,  0, 23, 22), (2163,  0, 23, 22), (2187,  0, 23, 22), (2211,  0, 23, 22),
   (2235,  0,  9, 22), (2245,  0,  7, 22), (2253,  0, 18, 22), (2272,  0, 18, 22),
   (2291,  0, 18, 22), (2310,  0, 18, 22), (2329,  0, 18, 22), (2348,  0, 18, 22),
   (2367,  0, 11, 22), (2379,  0, 26, 22), (2406,  0, 21, 22), (2428,  0, 21, 22),
   (2450,  0, 21, 22), (2472,  0, 21, 22), (2494,  0,  9, 22), (2504,  0,  8, 22),
   (2513,  0,  5, 22), (2519,  0, 16, 22), (2536,  0,  6, 22), (2543,  0, 21, 22),
   (2565,  0, 23, 22), (2589,  0, 23, 22), (2613,  0, 23, 22), (2637,  0, 23, 22),
   (2661,  0, 23, 22), (2685,  0,  7, 22), (2693,  0, 23, 22), (2717,  0, 23, 22),
   (2741,  0, 23, 22), (2765,  0, 23, 22), (2789,  0,  7, 22), (2797,  0,  7, 22));

Define OffsetList
 ( ( 0, 0), ( 0, 0), ( 0, 0), ( 0, 0), ( 0, 0), ( 0, 0), ( 0, 0), ( 0, 0),
   ( 0, 0), ( 0, 0), ( 0, 0), ( 0, 0), ( 0, 0), ( 0, 0), ( 0, 0), ( 0, 0),
   ( 0, 0), ( 0, 0), ( 0, 0), ( 0, 0), ( 0, 0), ( 0, 0), ( 0, 0), ( 0, 0),
   ( 0, 0), ( 0, 0), ( 0, 0), ( 0, 0), ( 0, 0), ( 0, 0), ( 0, 0), ( 0, 0),
   ( 0, 0), ( 0, 0), ( 0, 0), ( 0, 0), ( 0, 0), ( 0, 0), ( 0, 0), ( 0, 0),
   ( 0, 0), ( 0, 0), ( 0, 0), ( 0, 0), ( 0, 0), ( 0, 0), ( 0, 0), ( 0, 0),
   ( 0, 0), ( 0, 0), ( 0, 0), ( 0, 0), ( 0, 0), ( 0, 0), ( 0, 0), ( 0, 0),
   ( 0, 0), ( 0, 0), ( 0, 0), ( 0, 0), ( 0, 0), ( 0, 0), ( 0, 0), ( 1, 0),
   ( 1, 0), ( 0, 0), ( 0, 0), ( 1, 0), ( 1, 0), ( 1, 0), ( 1, 0), ( 0, 0),
   ( 1, 0), ( 0, 0), ( 2, 0), ( 0, 0), ( 0, 0), ( 1, 0), ( 1, 0), ( 0, 0),
   ( 0, 0), ( 0, 0), ( 1, 0), ( 1, 0), ( 1, 0), ( 1, 0), ( 1, 0), ( 1, 0),
   ( 1, 0), ( 1, 0), ( 0, 0), ( 1, 0), ( 1, 0), ( 1, 0), ( 0, 0), ( 0, 0),
   ( 1, 0), ( 0, 0), ( 0, 0), ( 1, 0), ( 0, 0), ( 0, 0), ( 0, 0), ( 0, 0),
   ( 0, 0), ( 0, 0), ( 0, 0), ( 0, 0), ( 0, 0), ( 0, 0), ( 0, 0), ( 0, 0),
   (-4, 0), ( 0, 0), ( 0, 0), (-6, 0), ( 0, 0), ( 0, 0), ( 0, 0), ( 0, 0),
   ( 0, 0), ( 0, 0), ( 0, 0), ( 1, 0), ( 0, 0), ( 0, 0), ( 0, 0), ( 0, 0),
   ( 0, 0), ( 1, 0), ( 0, 0), ( 0, 0), ( 0, 0), ( 0, 0), ( 0, 0), ( 0, 0),
   ( 1, 0), ( 0, 0), ( 0, 0), ( 0, 0), ( 0, 0), ( 0, 0), (-4, 0), ( 0, 0),
   ( 0, 0), (-6, 0), ( 1, 0), ( 0, 0), ( 0, 0), ( 0, 0), ( 0, 0), ( 0, 0),
   ( 0, 0), ( 1, 0), ( 0, 0), ( 0, 0), ( 0, 0), ( 0, 0), ( 0, 0), ( 0, 0));

CreateLayer               Main;
LayerSetImage             Main 'N-Gage16';
LayerSetAscent            Main 20;
LayerSetCharWidths        Main CharList WidthList;
LayerSetCharWidths        Main (' ') (7);
LayerSetImageMap          Main CharList RectList;
LayerSetCharOffsets       Main CharList OffsetList;
LayerSetAscentPadding     Main 0;
LayerSetLineSpacingOffset Main 0;
LayerSetPointSize         Main 16;

SetDefaultPointSize  16;
