Define CharList
 ( 'A', 'B', 'C', 'D', 'E', 'F', 'G', 'H', 'I', 'J', 'K', 'L', 'M', 'N', 'O', 'P',
   'Q', 'R', 'S', 'T', 'U', 'V', 'W', 'X', 'Y', 'Z', 'a', 'b', 'c', 'd', 'e', 'f',
   'g', 'h', 'i', 'j', 'k', 'l', 'm', 'n', 'o', 'p', 'q', 'r', 's', 't', 'u', 'v',
   'w', 'x', 'y', 'z', '0', '1', '2', '3', '4', '5', '6', '7', '8', '9', '~', '`',
   '!', '@', '#', '$', '%', '^', '&', '*', '(', ')', '-', '_', '=', '+', '[', '{',
   ']', '}', ';', ':',"'", '"', ',', '<', '.', '>', '/', '?', '¡', '¢', '£', '¥',
   '§', '©', '®', '¿', 'À', 'Á', 'Â', 'Ã', 'Ä', 'Å', 'Æ', 'Ç', 'È', 'É', 'Ê', 'Ë',
   'Ì', 'Í', 'Î', 'Ï', 'Ð', 'Ñ', 'Ò', 'Ó', 'Ô', 'Õ', 'Ö', 'Ø', 'Ù', 'Ú', 'Û', 'Ü',
   'Ý', 'ß', 'à', 'á', 'â', 'ã', 'ä', 'å', 'æ', 'ç', 'è', 'é', 'ê', 'ë', 'ì', 'í',
   'î', 'ï', 'ð', 'ñ', 'ò', 'ó', 'ô', 'õ', 'ö', 'ø', 'ù', 'ú', 'û', 'ü', 'ý', 'ÿ');

Define WidthList
 (  15,  17,  19,  18,  17,  19,  19,  17,   4,  18,  17,  16,  17,  17,  18,  17,
    18,  17,  19,  19,  18,  18,  26,  18,  18,  18,  15,  17,  18,  18,  17,  17,
    18,  17,   4,  18,  17,  16,  17,  17,  18,  17,  18,  17,  17,  17,  18,  18,
    26,  18,  18,  18,  18,   6,  17,  17,  18,  17,  17,  18,  17,  17,  15,   4,
     3,  18,   7,   7,  11,   6,   8,   5,   4,   4,   7,   7,  14,   7,   3,   4,
     3,   4,   3,   3,   3,   4,   3,   7,   7,   7,   3,   7,   3,   7,   7,   7,
     7,   9,   9,   7,  15,  15,  15,  15,  15,  15,  12,  19,  17,  17,  17,  17,
     4,   4,   4,   4,   9,  17,  18,  18,  18,  18,  18,   9,  18,  18,  18,  18,
     7,   7,  15,  15,  15,  15,  15,  15,  11,  19,  17,  17,  17,  17,   4,   4,
     4,   4,   7,  17,  18,  18,  18,  18,  18,   7,  18,  18,  18,  18,   5,   5);

Define RectList
 ( (   0,  0, 14, 17), (  15,  0, 16, 17), (  32,  0, 19, 17), (  52,  0, 17, 17),
   (  70,  0, 16, 17), (  87,  0, 19, 17), ( 107,  0, 19, 17), ( 127,  0, 16, 17),
   ( 144,  0,  3, 17), ( 148,  0, 17, 17), ( 166,  0, 16, 17), ( 183,  0, 16, 17),
   ( 200,  0, 16, 17), ( 217,  0, 16, 17), ( 234,  0, 17, 17), ( 252,  0, 16, 17),
   ( 269,  0, 17, 17), ( 287,  0, 16, 17), ( 304,  0, 19, 17), ( 324,  0, 19, 17),
   ( 344,  0, 17, 17), ( 362,  0, 16, 17), ( 379,  0, 24, 17), ( 404,  0, 16, 17),
   ( 421,  0, 17, 17), ( 439,  0, 17, 17), ( 457,  0, 14, 17), ( 472,  0, 16, 17),
   ( 489,  0, 17, 17), ( 507,  0, 17, 17), ( 525,  0, 16, 17), ( 542,  0, 16, 17),
   ( 559,  0, 17, 17), ( 577,  0, 16, 17), ( 594,  0,  3, 17), ( 598,  0, 17, 17),
   ( 616,  0, 16, 17), ( 633,  0, 16, 17), ( 650,  0, 16, 17), ( 667,  0, 16, 17),
   ( 684,  0, 17, 17), ( 702,  0, 16, 17), ( 719,  0, 17, 17), ( 737,  0, 16, 17),
   ( 754,  0, 16, 17), ( 771,  0, 16, 17), ( 788,  0, 17, 17), ( 806,  0, 16, 17),
   ( 823,  0, 24, 17), ( 848,  0, 16, 17), ( 865,  0, 17, 17), ( 883,  0, 17, 17),
   ( 901,  0, 17, 17), ( 919,  0,  5, 17), ( 925,  0, 16, 17), ( 942,  0, 16, 17),
   ( 959,  0, 17, 17), ( 977,  0, 16, 17), ( 994,  0, 16, 17), (1011,  0, 17, 17),
   (1029,  0, 16, 17), (1046,  0, 16, 17), (1063,  0, 14, 17), (1078,  0,  2, 17),
   (1081,  0,  1, 17), (1083,  0, 17, 17), (1101,  0,  7, 17), (1109,  0,  5, 17),
   (1115,  0,  9, 17), (1125,  0,  5, 17), (1131,  0,  6, 17), (1138,  0,  5, 17),
   (1144,  0,  3, 17), (1148,  0,  3, 17), (1152,  0,  3, 17), (1156,  0,  7, 17),
   (1164,  0, 13, 17), (1178,  0,  5, 17), (1184,  0,  2, 17), (1187,  0,  3, 17),
   (1191,  0,  2, 17), (1194,  0,  3, 17), (1198,  0,  2, 17), (1201,  0,  1, 17),
   (1203,  0,  1, 17), (1205,  0,  3, 17), (1209,  0,  2, 17), (1212,  0,  5, 17),
   (1218,  0,  4, 17), (1223,  0,  5, 17), (1229,  0,  3, 17), (1233,  0,  5, 17),
   (1239,  0,  1, 17), (1241,  0,  5, 17), (1247,  0,  5, 17), (1253,  0,  5, 17),
   (1259,  0,  5, 17), (1265,  0,  9, 17), (1275,  0,  9, 17), (1285,  0,  5, 17),
   (1291,  0, 14, 17), (1306,  0, 14, 17), (1321,  0, 14, 17), (1336,  0, 14, 17),
   (1351,  0, 14, 17), (1366,  0, 14, 17), (1381,  0, 11, 17), (1393,  0, 19, 17),
   (1413,  0, 16, 17), (1430,  0, 16, 17), (1447,  0, 16, 17), (1464,  0, 16, 17),
   (1481,  0,  6, 17), (1488,  0,  6, 17), (1495,  0,  3, 17), (1499,  0, 12, 17),
   (1512,  0,  8, 17), (1521,  0, 16, 17), (1538,  0, 17, 17), (1556,  0, 17, 17),
   (1574,  0, 17, 17), (1592,  0, 17, 17), (1610,  0, 17, 17), (1628,  0,  7, 17),
   (1636,  0, 17, 17), (1654,  0, 17, 17), (1672,  0, 17, 17), (1690,  0, 17, 17),
   (1708,  0,  7, 17), (1716,  0,  5, 17), (1722,  0, 14, 17), (1737,  0, 14, 17),
   (1752,  0, 14, 17), (1767,  0, 14, 17), (1782,  0, 14, 17), (1797,  0, 14, 17),
   (1812,  0,  9, 17), (1822,  0, 19, 17), (1842,  0, 16, 17), (1859,  0, 16, 17),
   (1876,  0, 16, 17), (1893,  0, 16, 17), (1910,  0,  6, 17), (1917,  0,  6, 17),
   (1924,  0,  3, 17), (1928,  0, 12, 17), (1941,  0,  5, 17), (1947,  0, 16, 17),
   (1964,  0, 17, 17), (1982,  0, 17, 17), (2000,  0, 17, 17), (2018,  0, 17, 17),
   (2036,  0, 17, 17), (2054,  0,  5, 17), (2060,  0, 17, 17), (2078,  0, 17, 17),
   (2096,  0, 17, 17), (2114,  0, 17, 17), (2132,  0,  6, 17), (2139,  0,  6, 17));

Define OffsetList
 ( ( 0, 0), ( 0, 0), ( 0, 0), ( 0, 0), ( 0, 0), ( 0, 0), ( 0, 0), ( 0, 0),
   ( 0, 0), ( 0, 0), ( 0, 0), ( 0, 0), ( 0, 0), ( 0, 0), ( 0, 0), ( 0, 0),
   ( 0, 0), ( 0, 0), ( 0, 0), ( 0, 0), ( 0, 0), ( 1, 0), ( 1, 0), ( 1, 0),
   ( 0, 0), ( 0, 0), ( 0, 0), ( 0, 0), ( 0, 0), ( 0, 0), ( 0, 0), ( 0, 0),
   ( 0, 0), ( 0, 0), ( 0, 0), ( 0, 0), ( 0, 0), ( 0, 0), ( 0, 0), ( 0, 0),
   ( 0, 0), ( 0, 0), ( 0, 0), ( 0, 0), ( 0, 0), ( 0, 0), ( 0, 0), ( 1, 0),
   ( 1, 0), ( 1, 0), ( 0, 0), ( 0, 0), ( 0, 0), ( 0, 0), ( 0, 0), ( 0, 0),
   ( 0, 0), ( 0, 0), ( 0, 0), ( 0, 0), ( 0, 0), ( 0, 0), ( 0, 0), ( 1, 0),
   ( 1, 0), ( 0, 0), ( 0, 0), ( 1, 0), ( 1, 0), ( 0, 0), ( 1, 0), ( 0, 0),
   ( 1, 0), ( 0, 0), ( 2, 0), ( 0, 0), ( 0, 0), ( 1, 0), ( 1, 0), ( 1, 0),
   ( 0, 0), ( 0, 0), ( 0, 0), ( 1, 0), ( 1, 0), ( 1, 0), ( 0, 0), ( 1, 0),
   ( 1, 0), ( 1, 0), ( 0, 0), ( 1, 0), ( 1, 0), ( 1, 0), ( 1, 0), ( 1, 0),
   ( 1, 0), ( 0, 0), ( 0, 0), ( 1, 0), ( 0, 0), ( 0, 0), ( 0, 0), ( 0, 0),
   ( 0, 0), ( 0, 0), ( 0, 0), ( 0, 0), ( 0, 0), ( 0, 0), ( 0, 0), ( 0, 0),
   (-3, 0), ( 0, 0), ( 0, 0), (-4, 0), ( 0, 0), ( 0, 0), ( 0, 0), ( 0, 0),
   ( 0, 0), ( 0, 0), ( 0, 0), ( 1, 0), ( 0, 0), ( 0, 0), ( 0, 0), ( 0, 0),
   ( 0, 0), ( 1, 0), ( 0, 0), ( 0, 0), ( 0, 0), ( 0, 0), ( 0, 0), ( 0, 0),
   ( 1, 0), ( 0, 0), ( 0, 0), ( 0, 0), ( 0, 0), ( 0, 0), (-3, 0), ( 0, 0),
   ( 0, 0), (-4, 0), ( 1, 0), ( 0, 0), ( 0, 0), ( 0, 0), ( 0, 0), ( 0, 0),
   ( 0, 0), ( 1, 0), ( 0, 0), ( 0, 0), ( 0, 0), ( 0, 0), (-1, 0), (-1, 0));

CreateLayer               Main;
LayerSetImage             Main 'N-Gage12';
LayerSetAscent            Main 15;
LayerSetCharWidths        Main CharList WidthList;
LayerSetCharWidths        Main (' ') (5);
LayerSetImageMap          Main CharList RectList;
LayerSetCharOffsets       Main CharList OffsetList;
LayerSetAscentPadding     Main 0;
LayerSetLineSpacingOffset Main 0;
LayerSetPointSize         Main 12;

SetDefaultPointSize  12;
