Define CharList
 ( 'A', 'B', 'C', 'D', 'E', 'F', 'G', 'H', 'I', 'J', 'K', 'L', 'M', 'N', 'O', 'P',
   'Q', 'R', 'S', 'T', 'U', 'V', 'W', 'X', 'Y', 'Z', 'a', 'b', 'c', 'd', 'e', 'f',
   'g', 'h', 'i', 'j', 'k', 'l', 'm', 'n', 'o', 'p', 'q', 'r', 's', 't', 'u', 'v',
   'w', 'x', 'y', 'z', '0', '1', '2', '3', '4', '5', '6', '7', '8', '9', '~', '`',
   '!', '@', '#', '$', '%', '^', '&', '*', '(', ')', '-', '_', '=', '+', '[', '{',
   ']', '}', ';', ':',"'", '"', ',', '<', '.', '>', '/', '?', '¡', '¢', '£', '¥',
   '§', '©', '®', '¿', 'À', 'Á', 'Â', 'Ã', 'Ä', 'Å', 'Æ', 'Ç', 'È', 'É', 'Ê', 'Ë',
   'Ì', 'Í', 'Î', 'Ï', 'Ð', 'Ñ', 'Ò', 'Ó', 'Ô', 'Õ', 'Ö', 'Ø', 'Ù', 'Ú', 'Û', 'Ü',
   'Ý', 'ß', 'à', 'á', 'â', 'ã', 'ä', 'å', 'æ', 'ç', 'è', 'é', 'ê', 'ë', 'ì', 'í',
   'î', 'ï', 'ð', 'ñ', 'ò', 'ó', 'ô', 'õ', 'ö', 'ø', 'ù', 'ú', 'û', 'ü', 'ý', 'ÿ');

Define WidthList
 (  29,  33,  38,  36,  33,  38,  38,  33,   8,  36,  33,  33,  33,  33,  36,  33,
    36,  33,  38,  38,  36,  36,  53,  36,  36,  37,  29,  33,  36,  36,  33,  33,
    36,  33,   8,  36,  33,  33,  33,  33,  36,  33,  36,  33,  33,  33,  36,  36,
    53,  36,  36,  37,  36,  11,  33,  33,  36,  33,  33,  36,  33,  33,  29,   8,
     6,  36,  13,  13,  22,  11,  16,  10,   8,   8,  14,  13,  27,  14,   7,   9,
     7,   9,   6,   6,   4,   8,   6,  14,  14,  14,   7,  12,   6,  13,  13,  13,
    13,  20,  20,  12,  29,  29,  29,  29,  29,  29,  24,  38,  33,  33,  33,  33,
     8,   8,   8,   8,  17,  33,  36,  36,  36,  36,  36,  19,  36,  36,  36,  36,
    16,  15,  29,  29,  29,  29,  29,  29,  21,  38,  33,  33,  33,  33,   8,   8,
     8,   8,  14,  33,  36,  36,  36,  36,  36,  14,  36,  36,  36,  36,  11,  11);

Define RectList
 ( (   0,  0, 28, 33), (  29,  0, 32, 33), (  62,  0, 39, 33), ( 102,  0, 35, 33),
   ( 138,  0, 32, 33), ( 171,  0, 39, 33), ( 211,  0, 39, 33), ( 251,  0, 32, 33),
   ( 284,  0,  7, 33), ( 292,  0, 35, 33), ( 328,  0, 32, 33), ( 361,  0, 32, 33),
   ( 394,  0, 32, 33), ( 427,  0, 32, 33), ( 460,  0, 35, 33), ( 496,  0, 32, 33),
   ( 529,  0, 35, 33), ( 565,  0, 32, 33), ( 598,  0, 39, 33), ( 638,  0, 39, 33),
   ( 678,  0, 35, 33), ( 714,  0, 35, 33), ( 750,  0, 50, 33), ( 801,  0, 35, 33),
   ( 837,  0, 35, 33), ( 873,  0, 35, 33), ( 909,  0, 28, 33), ( 938,  0, 32, 33),
   ( 971,  0, 35, 33), (1007,  0, 35, 33), (1043,  0, 32, 33), (1076,  0, 32, 33),
   (1109,  0, 35, 33), (1145,  0, 32, 33), (1178,  0,  7, 33), (1186,  0, 35, 33),
   (1222,  0, 32, 33), (1255,  0, 32, 33), (1288,  0, 32, 33), (1321,  0, 32, 33),
   (1354,  0, 35, 33), (1390,  0, 32, 33), (1423,  0, 35, 33), (1459,  0, 32, 33),
   (1492,  0, 32, 33), (1525,  0, 32, 33), (1558,  0, 35, 33), (1594,  0, 35, 33),
   (1630,  0, 50, 33), (1681,  0, 35, 33), (1717,  0, 35, 33), (1753,  0, 35, 33),
   (1789,  0, 35, 33), (1825,  0, 10, 33), (1836,  0, 32, 33), (1869,  0, 32, 33),
   (1902,  0, 35, 33), (1938,  0, 32, 33), (1971,  0, 32, 33), (2004,  0, 35, 33),
   (2040,  0, 32, 33), (2073,  0, 32, 33), (2106,  0, 28, 33), (2135,  0,  4, 33),
   (2140,  0,  2, 33), (2143,  0, 35, 33), (2179,  0, 13, 33), (2193,  0, 11, 33),
   (2205,  0, 18, 33), (2224,  0,  9, 33), (2234,  0, 14, 33), (2249,  0,  8, 33),
   (2258,  0,  6, 33), (2265,  0,  6, 33), (2272,  0,  8, 33), (2281,  0, 13, 33),
   (2295,  0, 26, 33), (2322,  0, 12, 33), (2335,  0,  5, 33), (2341,  0,  6, 33),
   (2348,  0,  5, 33), (2354,  0,  6, 33), (2361,  0,  2, 33), (2364,  0,  2, 33),
   (2367,  0,  2, 33), (2370,  0,  6, 33), (2377,  0,  2, 33), (2380,  0, 10, 33),
   (2391,  0,  8, 33), (2400,  0, 10, 33), (2411,  0,  7, 33), (2419,  0, 10, 33),
   (2430,  0,  2, 33), (2433,  0,  9, 33), (2443,  0, 11, 33), (2455,  0, 14, 33),
   (2470,  0, 11, 33), (2482,  0, 18, 33), (2501,  0, 18, 33), (2520,  0, 10, 33),
   (2531,  0, 28, 33), (2560,  0, 28, 33), (2589,  0, 28, 33), (2618,  0, 28, 33),
   (2647,  0, 28, 33), (2676,  0, 28, 33), (2705,  0, 23, 33), (2729,  0, 39, 33),
   (2769,  0, 32, 33), (2802,  0, 32, 33), (2835,  0, 32, 33), (2868,  0, 32, 33),
   (2901,  0, 13, 33), (2915,  0, 12, 33), (2928,  0,  7, 33), (2936,  0, 25, 33),
   (2962,  0, 16, 33), (2979,  0, 32, 33), (3012,  0, 35, 33), (3048,  0, 35, 33),
   (3084,  0, 35, 33), (3120,  0, 35, 33), (3156,  0, 35, 33), (3192,  0, 17, 33),
   (3210,  0, 35, 33), (3246,  0, 35, 33), (3282,  0, 35, 33), (3318,  0, 35, 33),
   (3354,  0, 18, 33), (3373,  0, 12, 33), (3386,  0, 28, 33), (3415,  0, 28, 33),
   (3444,  0, 28, 33), (3473,  0, 28, 33), (3502,  0, 28, 33), (3531,  0, 28, 33),
   (3560,  0, 19, 33), (3580,  0, 39, 33), (3620,  0, 32, 33), (3653,  0, 32, 33),
   (3686,  0, 32, 33), (3719,  0, 32, 33), (3752,  0, 13, 33), (3766,  0, 12, 33),
   (3779,  0,  7, 33), (3787,  0, 25, 33), (3813,  0, 12, 33), (3826,  0, 32, 33),
   (3859,  0, 35, 33), (3895,  0, 35, 33), (3931,  0, 35, 33), (3967,  0, 35, 33),
   (4003,  0, 35, 33), (4039,  0, 12, 33), (4052,  0, 35, 33), (4088,  0, 35, 33),
   (4124,  0, 35, 33), (4160,  0, 35, 33), (4196,  0, 13, 33), (4210,  0, 13, 33));

Define OffsetList
 ( ( 0, 0), ( 0, 0), ( 0, 0), ( 0, 0), ( 0, 0), ( 0, 0), ( 0, 0), ( 0, 0),
   ( 0, 0), ( 0, 0), ( 0, 0), ( 0, 0), ( 0, 0), ( 0, 0), ( 0, 0), ( 0, 0),
   ( 0, 0), ( 0, 0), ( 0, 0), ( 0, 0), ( 0, 0), ( 0, 0), ( 0, 0), ( 0, 0),
   ( 0, 0), ( 0, 0), ( 0, 0), ( 0, 0), ( 0, 0), ( 0, 0), ( 0, 0), ( 0, 0),
   ( 0, 0), ( 0, 0), ( 0, 0), ( 0, 0), ( 0, 0), ( 0, 0), ( 0, 0), ( 0, 0),
   ( 0, 0), ( 0, 0), ( 0, 0), ( 0, 0), ( 0, 0), ( 0, 0), ( 0, 0), ( 0, 0),
   ( 0, 0), ( 0, 0), ( 0, 0), ( 0, 0), ( 0, 0), ( 0, 0), ( 0, 0), ( 0, 0),
   ( 0, 0), ( 0, 0), ( 0, 0), ( 0, 0), ( 0, 0), ( 0, 0), ( 0, 0), ( 1, 0),
   ( 2, 0), ( 0, 0), ( 0, 0), ( 1, 0), ( 2, 0), ( 1, 0), ( 1, 0), ( 1, 0),
   ( 2, 0), ( 0, 0), ( 3, 0), ( 0, 0), ( 0, 0), ( 1, 0), ( 2, 0), ( 2, 0),
   ( 0, 0), ( 2, 0), ( 2, 0), ( 2, 0), ( 1, 0), ( 1, 0), ( 2, 0), ( 2, 0),
   ( 2, 0), ( 2, 0), ( 0, 0), ( 1, 0), ( 2, 0), ( 2, 0), ( 1, 0), (-1, 0),
   ( 1, 0), ( 1, 0), ( 1, 0), ( 1, 0), ( 0, 0), ( 0, 0), ( 0, 0), ( 0, 0),
   ( 0, 0), ( 0, 0), ( 0, 0), ( 0, 0), ( 0, 0), ( 0, 0), ( 0, 0), ( 0, 0),
   (-6, 0), ( 0, 0), ( 0, 0), (-9, 0), ( 0, 0), ( 0, 0), ( 0, 0), ( 0, 0),
   ( 0, 0), ( 0, 0), ( 0, 0), ( 1, 0), ( 0, 0), ( 0, 0), ( 0, 0), ( 0, 0),
   (-1, 0), ( 2, 0), ( 0, 0), ( 0, 0), ( 0, 0), ( 0, 0), ( 0, 0), ( 0, 0),
   ( 1, 0), ( 0, 0), ( 0, 0), ( 0, 0), ( 0, 0), ( 0, 0), (-6, 0), ( 0, 0),
   ( 0, 0), (-9, 0), ( 1, 0), ( 0, 0), ( 0, 0), ( 0, 0), ( 0, 0), ( 0, 0),
   ( 0, 0), ( 1, 0), ( 0, 0), ( 0, 0), ( 0, 0), ( 0, 0), (-1, 0), (-1, 0));

CreateLayer               Main;
LayerSetImage             Main 'N-Gage24';
LayerSetAscent            Main 30;
LayerSetCharWidths        Main CharList WidthList;
LayerSetCharWidths        Main (' ') (11);
LayerSetImageMap          Main CharList RectList;
LayerSetCharOffsets       Main CharList OffsetList;
LayerSetAscentPadding     Main 0;
LayerSetLineSpacingOffset Main 0;
LayerSetPointSize         Main 24;

SetDefaultPointSize  24;
