Define CharList
 ( 'A', 'B', 'C', 'D', 'E', 'F', 'G', 'H', 'I', 'J', 'K', 'L', 'M', 'N', 'O', 'P',
   'Q', 'R', 'S', 'T', 'U', 'V', 'W', 'X', 'Y', 'Z', 'a', 'b', 'c', 'd', 'e', 'f',
   'g', 'h', 'i', 'j', 'k', 'l', 'm', 'n', 'o', 'p', 'q', 'r', 's', 't', 'u', 'v',
   'w', 'x', 'y', 'z', '0', '1', '2', '3', '4', '5', '6', '7', '8', '9', '~', '`',
   '!', '@', '#', '$', '%', '^', '&', '*', '(', ')', '-', '_', '=', '+', '[', '{',
   ']', '}', ';', ':',"'", '"', ',', '<', '.', '>', '/', '?', '¡', '¢', '£', '¥',
   '§', '©', '®', '¿', 'À', 'Á', 'Â', 'Ã', 'Ä', 'Å', 'Æ', 'Ç', 'È', 'É', 'Ê', 'Ë',
   'Ì', 'Í', 'Î', 'Ï', 'Ð', 'Ñ', 'Ò', 'Ó', 'Ô', 'Õ', 'Ö', 'Ø', 'Ù', 'Ú', 'Û', 'Ü',
   'Ý', 'ß', 'à', 'á', 'â', 'ã', 'ä', 'å', 'æ', 'ç', 'è', 'é', 'ê', 'ë', 'ì', 'í',
   'î', 'ï', 'ð', 'ñ', 'ò', 'ó', 'ô', 'õ', 'ö', 'ø', 'ù', 'ú', 'û', 'ü', 'ý', 'ÿ');

Define WidthList
 (  10,  11,  13,  12,  11,  13,  13,  11,   3,  12,  11,  11,  11,  11,  12,  11,
    12,  11,  13,  13,  12,  12,  18,  12,  12,  13,  10,  11,  12,  12,  11,  11,
    12,  11,   3,  12,  11,  11,  11,  11,  12,  11,  12,  11,  11,  11,  12,  12,
    18,  12,  12,  13,  12,   4,  11,  11,  12,  11,  11,  12,  11,  11,  10,   3,
     3,  12,   5,   5,   8,   5,   6,   4,   3,   3,   5,   5,   9,   5,   3,   3,
     3,   3,   3,   3,   2,   3,   3,   5,   5,   5,   3,   5,   3,   5,   5,   5,
     5,   7,   7,   5,  10,  10,  10,  10,  10,  10,   9,  13,  11,  11,  11,  11,
     3,   3,   3,   3,   7,  11,  12,  12,  12,  12,  12,   7,  12,  12,  12,  12,
     5,   6,  10,  10,  10,  10,  10,  10,   8,  13,  11,  11,  11,  11,   3,   3,
     3,   3,   5,  11,  12,  12,  12,  12,  12,   5,  12,  12,  12,  12,   5,   5);

Define RectList
 ( (   0,  0,  9, 12), (  10,  0, 11, 12), (  22,  0, 13, 12), (  36,  0, 12, 12),
   (  49,  0, 11, 12), (  61,  0, 13, 12), (  75,  0, 13, 12), (  89,  0, 11, 12),
   ( 101,  0,  2, 12), ( 104,  0, 12, 12), ( 117,  0, 11, 12), ( 129,  0, 11, 12),
   ( 141,  0, 11, 12), ( 153,  0, 11, 12), ( 165,  0, 12, 12), ( 178,  0, 11, 12),
   ( 190,  0, 12, 12), ( 203,  0, 11, 12), ( 215,  0, 13, 12), ( 229,  0, 13, 12),
   ( 243,  0, 12, 12), ( 256,  0, 12, 12), ( 269,  0, 17, 12), ( 287,  0, 10, 12),
   ( 298,  0, 12, 12), ( 311,  0, 12, 12), ( 324,  0,  9, 12), ( 334,  0, 11, 12),
   ( 346,  0, 12, 12), ( 359,  0, 12, 12), ( 372,  0, 11, 12), ( 384,  0, 11, 12),
   ( 396,  0, 12, 12), ( 409,  0, 11, 12), ( 421,  0,  2, 12), ( 424,  0, 12, 12),
   ( 437,  0, 11, 12), ( 449,  0, 11, 12), ( 461,  0, 11, 12), ( 473,  0, 11, 12),
   ( 485,  0, 12, 12), ( 498,  0, 11, 12), ( 510,  0, 12, 12), ( 523,  0, 11, 12),
   ( 535,  0, 11, 12), ( 547,  0, 11, 12), ( 559,  0, 12, 12), ( 572,  0, 12, 12),
   ( 585,  0, 17, 12), ( 603,  0, 10, 12), ( 614,  0, 12, 12), ( 627,  0, 12, 12),
   ( 640,  0, 12, 12), ( 653,  0,  3, 12), ( 657,  0, 11, 12), ( 669,  0, 11, 12),
   ( 681,  0, 12, 12), ( 694,  0, 11, 12), ( 706,  0, 11, 12), ( 718,  0, 12, 12),
   ( 731,  0, 11, 12), ( 743,  0, 11, 12), ( 755,  0,  8, 12), ( 764,  0,  2, 12),
   ( 767,  0,  1, 12), ( 769,  0, 12, 12), ( 782,  0,  4, 12), ( 787,  0,  4, 12),
   ( 792,  0,  6, 12), ( 799,  0,  5, 12), ( 805,  0,  4, 12), ( 810,  0,  3, 12),
   ( 814,  0,  2, 12), ( 817,  0,  2, 12), ( 820,  0,  3, 12), ( 824,  0,  5, 12),
   ( 830,  0,  9, 12), ( 840,  0,  5, 12), ( 846,  0,  2, 12), ( 849,  0,  3, 12),
   ( 853,  0,  2, 12), ( 856,  0,  3, 12), ( 860,  0,  2, 12), ( 863,  0,  1, 12),
   ( 865,  0,  1, 12), ( 867,  0,  3, 12), ( 871,  0,  2, 12), ( 874,  0,  4, 12),
   ( 879,  0,  2, 12), ( 882,  0,  4, 12), ( 887,  0,  3, 12), ( 891,  0,  4, 12),
   ( 896,  0,  1, 12), ( 898,  0,  4, 12), ( 903,  0,  4, 12), ( 908,  0,  5, 12),
   ( 914,  0,  4, 12), ( 919,  0,  7, 12), ( 927,  0,  7, 12), ( 935,  0,  4, 12),
   ( 940,  0,  9, 12), ( 950,  0,  9, 12), ( 960,  0,  9, 12), ( 970,  0,  9, 12),
   ( 980,  0,  9, 12), ( 990,  0,  9, 12), (1000,  0,  8, 12), (1009,  0, 13, 12),
   (1023,  0, 11, 12), (1035,  0, 11, 12), (1047,  0, 11, 12), (1059,  0, 11, 12),
   (1071,  0,  3, 12), (1075,  0,  4, 12), (1080,  0,  2, 12), (1083,  0,  8, 12),
   (1092,  0,  6, 12), (1099,  0, 11, 12), (1111,  0, 12, 12), (1124,  0, 12, 12),
   (1137,  0, 12, 12), (1150,  0, 12, 12), (1163,  0, 12, 12), (1176,  0,  5, 12),
   (1182,  0, 12, 12), (1195,  0, 12, 12), (1208,  0, 12, 12), (1221,  0, 12, 12),
   (1234,  0,  5, 12), (1240,  0,  5, 12), (1246,  0,  9, 12), (1256,  0,  9, 12),
   (1266,  0,  9, 12), (1276,  0,  9, 12), (1286,  0,  9, 12), (1296,  0,  9, 12),
   (1306,  0,  7, 12), (1314,  0, 13, 12), (1328,  0, 11, 12), (1340,  0, 11, 12),
   (1352,  0, 11, 12), (1364,  0, 11, 12), (1376,  0,  3, 12), (1380,  0,  4, 12),
   (1385,  0,  2, 12), (1388,  0,  8, 12), (1397,  0,  4, 12), (1402,  0, 11, 12),
   (1414,  0, 12, 12), (1427,  0, 12, 12), (1440,  0, 12, 12), (1453,  0, 12, 12),
   (1466,  0, 12, 12), (1479,  0,  4, 12), (1484,  0, 12, 12), (1497,  0, 12, 12),
   (1510,  0, 12, 12), (1523,  0, 12, 12), (1536,  0,  5, 12), (1542,  0,  5, 12));

Define OffsetList
 ( ( 0, 0), ( 0, 0), ( 0, 0), ( 0, 0), ( 0, 0), ( 0, 0), ( 0, 0), ( 0, 0),
   ( 0, 0), ( 0, 0), ( 0, 0), ( 0, 0), ( 0, 0), ( 0, 0), ( 0, 0), ( 0, 0),
   ( 0, 0), ( 0, 0), ( 0, 0), ( 0, 0), ( 0, 0), ( 0, 0), ( 0, 0), ( 1, 0),
   ( 0, 0), ( 0, 0), ( 0, 0), ( 0, 0), ( 0, 0), ( 0, 0), ( 0, 0), ( 0, 0),
   ( 0, 0), ( 0, 0), ( 0, 0), ( 0, 0), ( 0, 0), ( 0, 0), ( 0, 0), ( 0, 0),
   ( 0, 0), ( 0, 0), ( 0, 0), ( 0, 0), ( 0, 0), ( 0, 0), ( 0, 0), ( 0, 0),
   ( 0, 0), ( 1, 0), ( 0, 0), ( 0, 0), ( 0, 0), ( 0, 0), ( 0, 0), ( 0, 0),
   ( 0, 0), ( 0, 0), ( 0, 0), ( 0, 0), ( 0, 0), ( 0, 0), ( 1, 0), ( 0, 0),
   ( 1, 0), ( 0, 0), ( 0, 0), ( 0, 0), ( 1, 0), ( 0, 0), ( 1, 0), ( 0, 0),
   ( 1, 0), ( 0, 0), ( 1, 0), ( 0, 0), ( 0, 0), ( 0, 0), ( 1, 0), ( 0, 0),
   ( 0, 0), ( 0, 0), ( 0, 0), ( 1, 0), ( 0, 0), ( 0, 0), ( 0, 0), ( 0, 0),
   ( 1, 0), ( 0, 0), ( 0, 0), ( 0, 0), ( 1, 0), ( 0, 0), ( 0, 0), ( 0, 0),
   ( 0, 0), ( 0, 0), ( 0, 0), ( 0, 0), ( 0, 0), ( 0, 0), ( 0, 0), ( 0, 0),
   ( 0, 0), ( 0, 0), ( 0, 0), ( 0, 0), ( 0, 0), ( 0, 0), ( 0, 0), ( 0, 0),
   (-1, 0), ( 0, 0), ( 0, 0), (-3, 0), ( 0, 0), ( 0, 0), ( 0, 0), ( 0, 0),
   ( 0, 0), ( 0, 0), ( 0, 0), ( 1, 0), ( 0, 0), ( 0, 0), ( 0, 0), ( 0, 0),
   ( 0, 0), ( 0, 0), ( 0, 0), ( 0, 0), ( 0, 0), ( 0, 0), ( 0, 0), ( 0, 0),
   ( 0, 0), ( 0, 0), ( 0, 0), ( 0, 0), ( 0, 0), ( 0, 0), (-1, 0), ( 0, 0),
   ( 0, 0), (-3, 0), ( 0, 0), ( 0, 0), ( 0, 0), ( 0, 0), ( 0, 0), ( 0, 0),
   ( 0, 0), ( 0, 0), ( 0, 0), ( 0, 0), ( 0, 0), ( 0, 0), (-1, 0), (-1, 0));

CreateLayer               Main;
LayerSetImage             Main 'N-Gage8';
LayerSetAscent            Main 11;
LayerSetCharWidths        Main CharList WidthList;
LayerSetCharWidths        Main (' ') (4);
LayerSetImageMap          Main CharList RectList;
LayerSetCharOffsets       Main CharList OffsetList;
LayerSetAscentPadding     Main 0;
LayerSetLineSpacingOffset Main 0;
LayerSetPointSize         Main 8;

SetDefaultPointSize  8;
