Define CharList
 ( 'A', 'B', 'C', 'D', 'E', 'F', 'G', 'H', 'I', 'J', 'K', 'L', 'M', 'N', 'O', 'P',
   'Q', 'R', 'S', 'T', 'U', 'V', 'W', 'X', 'Y', 'Z', 'a', 'b', 'c', 'd', 'e', 'f',
   'g', 'h', 'i', 'j', 'k', 'l', 'm', 'n', 'o', 'p', 'q', 'r', 's', 't', 'u', 'v',
   'w', 'x', 'y', 'z', '0', '1', '2', '3', '4', '5', '6', '7', '8', '9', '~', '`',
   '!', '@', '#', '$', '%', '^', '&', '*', '(', ')', '-', '_', '=', '+', '[', '{',
   ']', '}', ';', ':',"'", '"', ',', '<', '.', '>', '/', '?', '¡', '¢', '£', '¥',
   '§', '©', '®', '¿', 'À', 'Á', 'Â', 'Ã', 'Ä', 'Å', 'Æ', 'Ç', 'È', 'É', 'Ê', 'Ë',
   'Ì', 'Í', 'Î', 'Ï', 'Ð', 'Ñ', 'Ò', 'Ó', 'Ô', 'Õ', 'Ö', 'Ø', 'Ù', 'Ú', 'Û', 'Ü',
   'Ý', 'ß', 'à', 'á', 'â', 'ã', 'ä', 'å', 'æ', 'ç', 'è', 'é', 'ê', 'ë', 'ì', 'í',
   'î', 'ï', 'ð', 'ñ', 'ò', 'ó', 'ô', 'õ', 'ö', 'ø', 'ù', 'ú', 'û', 'ü', 'ý', 'ÿ');

Define WidthList
 (  25,  28,  32,  31,  28,  32,  32,  28,   7,  31,  28,  28,  28,  28,  31,  28,
    31,  28,  32,  32,  31,  31,  44,  31,  31,  31,  25,  28,  31,  31,  28,  28,
    31,  28,   7,  31,  28,  28,  28,  28,  31,  28,  31,  28,  28,  28,  31,  31,
    44,  31,  31,  31,  31,   9,  28,  28,  31,  28,  28,  30,  28,  28,  25,   7,
     6,  31,  12,  12,  19,  10,  14,   8,   7,   7,  11,  12,  23,  12,   6,   7,
     6,   7,   6,   6,   4,   7,   6,  12,  11,  12,   6,  12,   6,  12,  12,  12,
    12,  15,  15,  12,  25,  25,  25,  25,  25,  25,  21,  32,  28,  28,  28,  28,
     7,   7,   7,   7,  15,  28,  31,  31,  31,  31,  31,  16,  31,  31,  31,  31,
    15,  13,  25,  25,  25,  25,  25,  25,  19,  32,  28,  28,  28,  28,   7,   7,
     7,   7,  12,  28,  31,  31,  31,  31,  31,  12,  31,  31,  31,  31,  11,  11);

Define RectList
 ( (   0,  0, 24, 28), (  25,  0, 27, 28), (  53,  0, 33, 28), (  87,  0, 30, 28),
   ( 118,  0, 27, 28), ( 146,  0, 33, 28), ( 180,  0, 33, 28), ( 214,  0, 27, 28),
   ( 242,  0,  6, 28), ( 249,  0, 30, 28), ( 280,  0, 27, 28), ( 308,  0, 27, 28),
   ( 336,  0, 27, 28), ( 364,  0, 27, 28), ( 392,  0, 30, 28), ( 423,  0, 27, 28),
   ( 451,  0, 30, 28), ( 482,  0, 27, 28), ( 510,  0, 33, 28), ( 544,  0, 33, 28),
   ( 578,  0, 30, 28), ( 609,  0, 29, 28), ( 639,  0, 42, 28), ( 682,  0, 29, 28),
   ( 712,  0, 30, 28), ( 743,  0, 30, 28), ( 774,  0, 24, 28), ( 799,  0, 27, 28),
   ( 827,  0, 30, 28), ( 858,  0, 30, 28), ( 889,  0, 27, 28), ( 917,  0, 27, 28),
   ( 945,  0, 30, 28), ( 976,  0, 27, 28), (1004,  0,  6, 28), (1011,  0, 30, 28),
   (1042,  0, 27, 28), (1070,  0, 27, 28), (1098,  0, 27, 28), (1126,  0, 27, 28),
   (1154,  0, 30, 28), (1185,  0, 27, 28), (1213,  0, 30, 28), (1244,  0, 27, 28),
   (1272,  0, 27, 28), (1300,  0, 27, 28), (1328,  0, 30, 28), (1359,  0, 29, 28),
   (1389,  0, 42, 28), (1432,  0, 29, 28), (1462,  0, 30, 28), (1493,  0, 30, 28),
   (1524,  0, 30, 28), (1555,  0,  8, 28), (1564,  0, 27, 28), (1592,  0, 27, 28),
   (1620,  0, 30, 28), (1651,  0, 27, 28), (1679,  0, 27, 28), (1707,  0, 29, 28),
   (1737,  0, 27, 28), (1765,  0, 27, 28), (1793,  0, 24, 28), (1818,  0,  4, 28),
   (1823,  0,  2, 28), (1826,  0, 30, 28), (1857,  0, 12, 28), (1870,  0, 10, 28),
   (1881,  0, 17, 28), (1899,  0,  8, 28), (1908,  0, 11, 28), (1920,  0,  8, 28),
   (1929,  0,  5, 28), (1935,  0,  5, 28), (1941,  0,  7, 28), (1949,  0, 12, 28),
   (1962,  0, 22, 28), (1985,  0, 10, 28), (1996,  0,  4, 28), (2001,  0,  6, 28),
   (2008,  0,  4, 28), (2013,  0,  6, 28), (2020,  0,  2, 28), (2023,  0,  2, 28),
   (2026,  0,  2, 28), (2029,  0,  5, 28), (2035,  0,  2, 28), (2038,  0, 10, 28),
   (2049,  0,  7, 28), (2057,  0, 10, 28), (2068,  0,  6, 28), (2075,  0,  9, 28),
   (2085,  0,  2, 28), (2088,  0, 10, 28), (2099,  0, 10, 28), (2110,  0, 12, 28),
   (2123,  0,  9, 28), (2133,  0, 15, 28), (2149,  0, 15, 28), (2165,  0,  9, 28),
   (2175,  0, 24, 28), (2200,  0, 24, 28), (2225,  0, 24, 28), (2250,  0, 24, 28),
   (2275,  0, 24, 28), (2300,  0, 24, 28), (2325,  0, 19, 28), (2345,  0, 33, 28),
   (2379,  0, 27, 28), (2407,  0, 27, 28), (2435,  0, 27, 28), (2463,  0, 27, 28),
   (2491,  0, 11, 28), (2503,  0, 11, 28), (2515,  0,  6, 28), (2522,  0, 20, 28),
   (2543,  0, 13, 28), (2557,  0, 27, 28), (2585,  0, 30, 28), (2616,  0, 30, 28),
   (2647,  0, 30, 28), (2678,  0, 30, 28), (2709,  0, 30, 28), (2740,  0, 15, 28),
   (2756,  0, 30, 28), (2787,  0, 30, 28), (2818,  0, 30, 28), (2849,  0, 30, 28),
   (2880,  0, 16, 28), (2897,  0, 10, 28), (2908,  0, 24, 28), (2933,  0, 24, 28),
   (2958,  0, 24, 28), (2983,  0, 24, 28), (3008,  0, 24, 28), (3033,  0, 24, 28),
   (3058,  0, 16, 28), (3075,  0, 33, 28), (3109,  0, 27, 28), (3137,  0, 27, 28),
   (3165,  0, 27, 28), (3193,  0, 27, 28), (3221,  0, 11, 28), (3233,  0, 11, 28),
   (3245,  0,  6, 28), (3252,  0, 20, 28), (3273,  0,  9, 28), (3283,  0, 27, 28),
   (3311,  0, 30, 28), (3342,  0, 30, 28), (3373,  0, 30, 28), (3404,  0, 30, 28),
   (3435,  0, 30, 28), (3466,  0,  9, 28), (3476,  0, 30, 28), (3507,  0, 30, 28),
   (3538,  0, 30, 28), (3569,  0, 30, 28), (3600,  0, 12, 28), (3613,  0, 12, 28));

Define OffsetList
 ( ( 0, 0), ( 0, 0), ( 0, 0), ( 0, 0), ( 0, 0), ( 0, 0), ( 0, 0), ( 0, 0),
   ( 0, 0), ( 0, 0), ( 0, 0), ( 0, 0), ( 0, 0), ( 0, 0), ( 0, 0), ( 0, 0),
   ( 0, 0), ( 0, 0), ( 0, 0), ( 0, 0), ( 0, 0), ( 0, 0), ( 0, 0), ( 0, 0),
   ( 0, 0), ( 0, 0), ( 0, 0), ( 0, 0), ( 0, 0), ( 0, 0), ( 0, 0), ( 0, 0),
   ( 0, 0), ( 0, 0), ( 0, 0), ( 0, 0), ( 0, 0), ( 0, 0), ( 0, 0), ( 0, 0),
   ( 0, 0), ( 0, 0), ( 0, 0), ( 0, 0), ( 0, 0), ( 0, 0), ( 0, 0), ( 0, 0),
   ( 0, 0), ( 0, 0), ( 0, 0), ( 0, 0), ( 0, 0), ( 0, 0), ( 0, 0), ( 0, 0),
   ( 0, 0), ( 0, 0), ( 0, 0), ( 0, 0), ( 0, 0), ( 0, 0), ( 0, 0), ( 1, 0),
   ( 2, 0), ( 0, 0), ( 0, 0), ( 1, 0), ( 1, 0), ( 1, 0), ( 1, 0), ( 0, 0),
   ( 1, 0), ( 0, 0), ( 2, 0), ( 0, 0), ( 0, 0), ( 1, 0), ( 1, 0), ( 1, 0),
   ( 0, 0), ( 0, 0), ( 2, 0), ( 2, 0), ( 1, 0), ( 1, 0), ( 2, 0), ( 1, 0),
   ( 2, 0), ( 1, 0), ( 0, 0), ( 1, 0), ( 2, 0), ( 1, 0), ( 1, 0), ( 0, 0),
   ( 1, 0), ( 0, 0), ( 0, 0), ( 1, 0), ( 0, 0), ( 0, 0), ( 0, 0), ( 0, 0),
   ( 0, 0), ( 0, 0), ( 0, 0), ( 0, 0), ( 0, 0), ( 0, 0), ( 0, 0), ( 0, 0),
   (-5, 0), ( 0, 0), ( 0, 0), (-7, 0), ( 0, 0), ( 0, 0), ( 0, 0), ( 0, 0),
   ( 0, 0), ( 0, 0), ( 0, 0), ( 0, 0), ( 0, 0), ( 0, 0), ( 0, 0), ( 0, 0),
   (-1, 0), ( 1, 0), ( 0, 0), ( 0, 0), ( 0, 0), ( 0, 0), ( 0, 0), ( 0, 0),
   ( 1, 0), ( 0, 0), ( 0, 0), ( 0, 0), ( 0, 0), ( 0, 0), (-5, 0), ( 0, 0),
   ( 0, 0), (-7, 0), ( 1, 0), ( 0, 0), ( 0, 0), ( 0, 0), ( 0, 0), ( 0, 0),
   ( 0, 0), ( 1, 0), ( 0, 0), ( 0, 0), ( 0, 0), ( 0, 0), (-1, 0), (-1, 0));

CreateLayer               Main;
LayerSetImage             Main 'N-Gage20';
LayerSetAscent            Main 25;
LayerSetCharWidths        Main CharList WidthList;
LayerSetCharWidths        Main (' ') (9);
LayerSetImageMap          Main CharList RectList;
LayerSetCharOffsets       Main CharList OffsetList;
LayerSetAscentPadding     Main 0;
LayerSetLineSpacingOffset Main 0;
LayerSetPointSize         Main 20;

SetDefaultPointSize  20;
