Define CharList
 ( 'A', 'B', 'C', 'D', 'E', 'F', 'G', 'H', 'I', 'J', 'K', 'L', 'M', 'N', 'O', 'P',
   'Q', 'R', 'S', 'T', 'U', 'V', 'W', 'X', 'Y', 'Z', 'a', 'b', 'c', 'd', 'e', 'f',
   'g', 'h', 'i', 'j', 'k', 'l', 'm', 'n', 'o', 'p', 'q', 'r', 's', 't', 'u', 'v',
   'w', 'x', 'y', 'z', '0', '1', '2', '3', '4', '5', '6', '7', '8', '9', '~', '`',
   '!', '@', '#', '$', '%', '^', '&', '*', '(', ')', '-', '_', '=', '+', '[', '{',
   ']', '}', ';', ':',"'", '"', ',', '<', '.', '>', '/', '?', '¡', '¢', '£', '¥',
   '§', '©', '®', '¿', 'À', 'Á', 'Â', 'Ã', 'Ä', 'Å', 'Æ', 'Ç', 'È', 'É', 'Ê', 'Ë',
   'Ì', 'Í', 'Î', 'Ï', 'Ð', 'Ñ', 'Ò', 'Ó', 'Ô', 'Õ', 'Ö', 'Ø', 'Ù', 'Ú', 'Û', 'Ü',
   'Ý', 'ß', 'à', 'á', 'â', 'ã', 'ä', 'å', 'æ', 'ç', 'è', 'é', 'ê', 'ë', 'ì', 'í',
   'î', 'ï', 'ð', 'ñ', 'ò', 'ó', 'ô', 'õ', 'ö', 'ø', 'ù', 'ú', 'û', 'ü', 'ý', 'ÿ');

Define WidthList
 (  44,  50,  58,  54,  50,  57,  58,  50,  12,  54,  50,  49,  50,  50,  54,  50,
    54,  50,  57,  57,  54,  54,  79,  54,  54,  55,  44,  50,  54,  54,  50,  50,
    54,  50,  12,  54,  50,  49,  50,  50,  54,  50,  54,  50,  50,  50,  54,  54,
    79,  54,  54,  55,  54,  17,  50,  50,  54,  50,  50,  54,  50,  50,  44,  12,
    10,  54,  20,  20,  32,  17,  24,  14,  12,  12,  20,  20,  41,  21,  10,  12,
    10,  12,  10,  10,   7,  13,  10,  21,  20,  21,  10,  20,  10,  20,  20,  20,
    20,  27,  27,  20,  44,  44,  44,  44,  44,  44,  36,  58,  50,  50,  50,  50,
    12,  12,  12,  12,  26,  50,  54,  54,  54,  54,  54,  28,  54,  54,  54,  54,
    23,  22,  44,  44,  44,  44,  44,  44,  32,  58,  50,  50,  50,  50,  12,  12,
    12,  12,  20,  50,  54,  54,  54,  54,  54,  20,  54,  54,  54,  54,  18,  18);

Define RectList
 ( (   0,  0, 42, 49), (  43,  0, 48, 49), (  92,  0, 58, 49), ( 151,  0, 52, 49),
   ( 204,  0, 48, 49), ( 253,  0, 58, 49), ( 312,  0, 58, 49), ( 371,  0, 48, 49),
   ( 420,  0, 10, 49), ( 431,  0, 52, 49), ( 484,  0, 48, 49), ( 533,  0, 47, 49),
   ( 581,  0, 48, 49), ( 630,  0, 48, 49), ( 679,  0, 52, 49), ( 732,  0, 48, 49),
   ( 781,  0, 52, 49), ( 834,  0, 48, 49), ( 883,  0, 58, 49), ( 942,  0, 58, 49),
   (1001,  0, 52, 49), (1054,  0, 52, 49), (1107,  0, 75, 49), (1183,  0, 52, 49),
   (1236,  0, 52, 49), (1289,  0, 53, 49), (1343,  0, 42, 49), (1386,  0, 48, 49),
   (1435,  0, 52, 49), (1488,  0, 52, 49), (1541,  0, 48, 49), (1590,  0, 48, 49),
   (1639,  0, 52, 49), (1692,  0, 48, 49), (1741,  0, 10, 49), (1752,  0, 52, 49),
   (1805,  0, 48, 49), (1854,  0, 47, 49), (1902,  0, 48, 49), (1951,  0, 48, 49),
   (2000,  0, 52, 49), (2053,  0, 48, 49), (2102,  0, 52, 49), (2155,  0, 48, 49),
   (2204,  0, 48, 49), (2253,  0, 48, 49), (2302,  0, 52, 49), (2355,  0, 52, 49),
   (2408,  0, 75, 49), (2484,  0, 52, 49), (2537,  0, 52, 49), (2590,  0, 53, 49),
   (2644,  0, 52, 49), (2697,  0, 15, 49), (2713,  0, 48, 49), (2762,  0, 48, 49),
   (2811,  0, 52, 49), (2864,  0, 48, 49), (2913,  0, 48, 49), (2962,  0, 52, 49),
   (3015,  0, 48, 49), (3064,  0, 48, 49), (3113,  0, 42, 49), (3156,  0,  6, 49),
   (3163,  0,  3, 49), (3167,  0, 52, 49), (3220,  0, 19, 49), (3240,  0, 17, 49),
   (3258,  0, 28, 49), (3287,  0, 15, 49), (3303,  0, 20, 49), (3324,  0, 13, 49),
   (3338,  0,  9, 49), (3348,  0,  9, 49), (3358,  0, 12, 49), (3371,  0, 20, 49),
   (3392,  0, 39, 49), (3432,  0, 17, 49), (3450,  0,  7, 49), (3458,  0, 11, 49),
   (3470,  0,  7, 49), (3478,  0, 11, 49), (3490,  0,  3, 49), (3494,  0,  3, 49),
   (3498,  0,  3, 49), (3502,  0,  9, 49), (3512,  0,  3, 49), (3516,  0, 16, 49),
   (3533,  0, 12, 49), (3546,  0, 16, 49), (3563,  0, 10, 49), (3574,  0, 16, 49),
   (3591,  0,  3, 49), (3595,  0, 15, 49), (3611,  0, 17, 49), (3629,  0, 19, 49),
   (3649,  0, 17, 49), (3667,  0, 27, 49), (3695,  0, 27, 49), (3723,  0, 16, 49),
   (3740,  0, 42, 49), (3783,  0, 42, 49), (3826,  0, 42, 49), (3869,  0, 42, 49),
   (3912,  0, 42, 49), (3955,  0, 42, 49), (3998,  0, 34, 49), (4033,  0, 58, 49),
   (4092,  0, 48, 49), (4141,  0, 48, 49), (4190,  0, 48, 49), (4239,  0, 48, 49),
   (4288,  0, 19, 49), (4308,  0, 19, 49), (4328,  0, 10, 49), (4339,  0, 36, 49),
   (4376,  0, 24, 49), (4401,  0, 48, 49), (4450,  0, 52, 49), (4503,  0, 52, 49),
   (4556,  0, 52, 49), (4609,  0, 52, 49), (4662,  0, 52, 49), (4715,  0, 25, 49),
   (4741,  0, 52, 49), (4794,  0, 52, 49), (4847,  0, 52, 49), (4900,  0, 52, 49),
   (4953,  0, 23, 49), (4977,  0, 18, 49), (4996,  0, 42, 49), (5039,  0, 42, 49),
   (5082,  0, 42, 49), (5125,  0, 42, 49), (5168,  0, 42, 49), (5211,  0, 42, 49),
   (5254,  0, 29, 49), (5284,  0, 58, 49), (5343,  0, 48, 49), (5392,  0, 48, 49),
   (5441,  0, 48, 49), (5490,  0, 48, 49), (5539,  0, 19, 49), (5559,  0, 19, 49),
   (5579,  0, 10, 49), (5590,  0, 36, 49), (5627,  0, 17, 49), (5645,  0, 48, 49),
   (5694,  0, 52, 49), (5747,  0, 52, 49), (5800,  0, 52, 49), (5853,  0, 52, 49),
   (5906,  0, 52, 49), (5959,  0, 17, 49), (5977,  0, 52, 49), (6030,  0, 52, 49),
   (6083,  0, 52, 49), (6136,  0, 52, 49), (6189,  0, 17, 49), (6207,  0, 17, 49));

Define OffsetList
 ( ( 0, 0), ( 0, 0), ( 0, 0), ( 0, 0), ( 0, 0), ( 0, 0), ( 0, 0), ( 0, 0),
   ( 0, 0), ( 0, 0), ( 0, 0), ( 0, 0), ( 0, 0), ( 0, 0), ( 0, 0), ( 0, 0),
   ( 0, 0), ( 0, 0), ( 0, 0), ( 0, 0), ( 0, 0), ( 0, 0), ( 0, 0), ( 0, 0),
   ( 0, 0), ( 0, 0), ( 0, 0), ( 0, 0), ( 0, 0), ( 0, 0), ( 0, 0), ( 0, 0),
   ( 0, 0), ( 0, 0), ( 0, 0), ( 0, 0), ( 0, 0), ( 0, 0), ( 0, 0), ( 0, 0),
   ( 0, 0), ( 0, 0), ( 0, 0), ( 0, 0), ( 0, 0), ( 0, 0), ( 0, 0), ( 0, 0),
   ( 0, 0), ( 0, 0), ( 0, 0), ( 0, 0), ( 0, 0), ( 0, 0), ( 0, 0), ( 0, 0),
   ( 0, 0), ( 0, 0), ( 0, 0), ( 0, 0), ( 0, 0), ( 0, 0), ( 0, 0), ( 2, 0),
   ( 3, 0), ( 0, 0), ( 0, 0), ( 1, 0), ( 2, 0), ( 1, 0), ( 2, 0), ( 1, 0),
   ( 2, 0), ( 0, 0), ( 4, 0), ( 0, 0), ( 0, 0), ( 2, 0), ( 2, 0), ( 1, 0),
   ( 0, 0), ( 0, 0), ( 3, 0), ( 3, 0), ( 2, 0), ( 1, 0), ( 3, 0), ( 2, 0),
   ( 3, 0), ( 2, 0), ( 0, 0), ( 2, 0), ( 3, 0), ( 2, 0), ( 1, 0), ( 0, 0),
   ( 1, 0), ( 0, 0), ( 0, 0), ( 2, 0), ( 0, 0), ( 0, 0), ( 0, 0), ( 0, 0),
   ( 0, 0), ( 0, 0), ( 0, 0), ( 0, 0), ( 0, 0), ( 0, 0), ( 0, 0), ( 0, 0),
   (-9, 0), ( 0, 0), ( 0, 0), (-13, 0), ( 0, 0), ( 0, 0), ( 0, 0), ( 0, 0),
   ( 0, 0), ( 0, 0), ( 0, 0), ( 2, 0), ( 0, 0), ( 0, 0), ( 0, 0), ( 0, 0),
   ( 0, 0), ( 2, 0), ( 0, 0), ( 0, 0), ( 0, 0), ( 0, 0), ( 0, 0), ( 0, 0),
   ( 1, 0), ( 0, 0), ( 0, 0), ( 0, 0), ( 0, 0), ( 0, 0), (-9, 0), ( 0, 0),
   ( 0, 0), (-13, 0), ( 1, 0), ( 0, 0), ( 0, 0), ( 0, 0), ( 0, 0), ( 0, 0),
   ( 0, 0), ( 1, 0), ( 0, 0), ( 0, 0), ( 0, 0), ( 0, 0), ( 0, 0), ( 0, 0));

CreateLayer               Main;
LayerSetImage             Main 'N-Gage36';
LayerSetAscent            Main 45;
LayerSetCharWidths        Main CharList WidthList;
LayerSetCharWidths        Main (' ') (16);
LayerSetImageMap          Main CharList RectList;
LayerSetCharOffsets       Main CharList OffsetList;
LayerSetAscentPadding     Main 0;
LayerSetLineSpacingOffset Main 0;
LayerSetPointSize         Main 36;

SetDefaultPointSize  36;
