Define CharList
 ( 'A', 'B', 'C', 'D', 'E', 'F', 'G', 'H', 'I', 'J', 'K', 'L', 'M', 'N', 'O', 'P',
   'Q', 'R', 'S', 'T', 'U', 'V', 'W', 'X', 'Y', 'Z', 'a', 'b', 'c', 'd', 'e', 'f',
   'g', 'h', 'i', 'j', 'k', 'l', 'm', 'n', 'o', 'p', 'q', 'r', 's', 't', 'u', 'v',
   'w', 'x', 'y', 'z', '0', '1', '2', '3', '4', '5', '6', '7', '8', '9', '~', '`',
   '!', '@', '#', '$', '%', '^', '&', '*', '(', ')', '-', '_', '=', '+', '[', '{',
   ']', '}', ';', ':',"'", '"', ',', '<', '.', '>', '/', '?', 'Ў', 'ў', 'Ј', 'Ґ',
   '§', '©', '®', 'ї', 'А', 'Б', 'В', 'Г', 'Д', 'Е', 'Ж', 'З', 'И', 'Й', 'К', 'Л',
   'М', 'Н', 'О', 'П', 'Р', 'С', 'Т', 'У', 'Ф', 'Х', 'Ц', 'Ш', 'Щ', 'Ъ', 'Ы', 'Ь',
   'Э', 'Я', 'а', 'б', 'в', 'г', 'д', 'е', 'ж', 'з', 'и', 'й', 'к', 'л', 'м', 'н',
   'о', 'п', 'р', 'с', 'т', 'у', 'ф', 'х', 'ц', 'ш', 'щ', 'ъ', 'ы', 'ь', 'э', 'я');

Define WidthList
 (  16,  16,  14,  16,  14,  13,  15,  16,   4,   7,  13,  14,  20,  16,  15,  15,
    15,  15,  14,  13,  15,  16,  22,  15,  14,  13,  14,  14,  13,  14,  13,   7,
    14,  14,   4,   7,  11,   3,  18,  14,  13,  14,  14,   7,  12,   8,  14,  15,
    19,  13,  14,  13,  15,   4,  15,  16,  17,  15,  16,  15,  16,  16,  26,   7,
     4,  12,  14,  14,  18,   7,  16,  10,   5,   5,   9,  14,   9,   7,   5,   6,
     5,   6,   4,   3,   4,   6,   4,  10,   3,  10,  13,  10,   4,  14,  14,  15,
    11,  12,  12,  11,  17,  17,  17,  17,  17,  17,  16,  15,  14,  14,  14,  14,
     4,   4,   5,   5,  16,  15,  15,  15,  15,  15,  15,  15,  15,  15,  15,  15,
    14,  16,  14,  14,  14,  14,  14,  14,  20,  14,  13,  13,  13,  13,   4,   4,
     5,   4,  14,  13,  13,  13,  13,  13,  13,  13,  14,  14,  14,  14,  14,  14);

Define RectList
 ( (   0,  0, 17, 19), (  18,  0, 14, 19), (  33,  0, 13, 19), (  47,  0, 14, 19),
   (  62,  0, 13, 19), (  76,  0, 13, 19), (  90,  0, 14, 19), ( 105,  0, 14, 19),
   ( 120,  0,  2, 19), ( 123,  0,  7, 19), ( 131,  0, 13, 19), ( 145,  0, 13, 19),
   ( 159,  0, 18, 19), ( 178,  0, 14, 19), ( 193,  0, 13, 19), ( 207,  0, 14, 19),
   ( 222,  0, 13, 19), ( 236,  0, 13, 19), ( 250,  0, 13, 19), ( 264,  0, 14, 19),
   ( 279,  0, 13, 19), ( 293,  0, 17, 19), ( 311,  0, 22, 19), ( 334,  0, 15, 19),
   ( 350,  0, 14, 19), ( 365,  0, 14, 19), ( 380,  0, 12, 19), ( 393,  0, 12, 19),
   ( 406,  0, 13, 19), ( 420,  0, 12, 19), ( 433,  0, 12, 19), ( 446,  0,  6, 19),
   ( 453,  0, 12, 19), ( 466,  0, 12, 19), ( 479,  0,  4, 19), ( 484,  0,  7, 19),
   ( 492,  0, 11, 19), ( 504,  0,  2, 19), ( 507,  0, 17, 19), ( 525,  0, 12, 19),
   ( 538,  0, 11, 19), ( 550,  0, 12, 19), ( 563,  0, 12, 19), ( 576,  0,  6, 19),
   ( 583,  0, 11, 19), ( 595,  0,  8, 19), ( 604,  0, 12, 19), ( 617,  0, 15, 19),
   ( 633,  0, 19, 19), ( 653,  0, 13, 19), ( 667,  0, 12, 19), ( 680,  0, 13, 19),
   ( 694,  0, 13, 19), ( 708,  0,  2, 19), ( 711,  0, 14, 19), ( 726,  0, 15, 19),
   ( 742,  0, 15, 19), ( 758,  0, 14, 19), ( 773,  0, 15, 19), ( 789,  0, 15, 19),
   ( 805,  0, 14, 19), ( 820,  0, 14, 19), ( 835,  0, 24, 19), ( 860,  0,  5, 19),
   ( 866,  0,  4, 19), ( 871,  0, 12, 19), ( 884,  0, 14, 19), ( 899,  0, 12, 19),
   ( 912,  0, 17, 19), ( 930,  0,  7, 19), ( 938,  0, 16, 19), ( 955,  0, 10, 19),
   ( 966,  0,  4, 19), ( 971,  0,  4, 19), ( 976,  0,  9, 19), ( 986,  0, 14, 19),
   (1001,  0,  9, 19), (1011,  0,  8, 19), (1020,  0,  5, 19), (1026,  0,  6, 19),
   (1033,  0,  5, 19), (1039,  0,  6, 19), (1046,  0,  4, 19), (1051,  0,  2, 19),
   (1054,  0,  4, 19), (1059,  0,  6, 19), (1066,  0,  4, 19), (1071,  0, 10, 19),
   (1082,  0,  3, 19), (1086,  0, 10, 19), (1097,  0, 13, 19), (1111,  0,  9, 19),
   (1121,  0,  3, 19), (1125,  0, 13, 19), (1139,  0, 13, 19), (1153,  0, 14, 19),
   (1168,  0,  9, 19), (1178,  0, 10, 19), (1189,  0, 10, 19), (1200,  0, 10, 19),
   (1211,  0, 17, 19), (1229,  0, 17, 19), (1247,  0, 17, 19), (1265,  0, 17, 19),
   (1283,  0, 17, 19), (1301,  0, 17, 19), (1319,  0, 16, 19), (1336,  0, 13, 19),
   (1350,  0, 13, 19), (1364,  0, 13, 19), (1378,  0, 13, 19), (1392,  0, 13, 19),
   (1406,  0,  5, 19), (1412,  0,  4, 19), (1417,  0,  7, 19), (1425,  0,  6, 19),
   (1432,  0, 16, 19), (1449,  0, 14, 19), (1464,  0, 13, 19), (1478,  0, 13, 19),
   (1492,  0, 13, 19), (1506,  0, 13, 19), (1520,  0, 13, 19), (1534,  0, 13, 19),
   (1548,  0, 13, 19), (1562,  0, 13, 19), (1576,  0, 13, 19), (1590,  0, 13, 19),
   (1604,  0, 14, 19), (1619,  0, 14, 19), (1634,  0, 12, 19), (1647,  0, 12, 19),
   (1660,  0, 12, 19), (1673,  0, 13, 19), (1687,  0, 12, 19), (1700,  0, 12, 19),
   (1713,  0, 18, 19), (1732,  0, 13, 19), (1746,  0, 12, 19), (1759,  0, 12, 19),
   (1772,  0, 12, 19), (1785,  0, 12, 19), (1798,  0,  5, 19), (1804,  0,  4, 19),
   (1809,  0,  7, 19), (1817,  0,  6, 19), (1824,  0, 12, 19), (1837,  0, 12, 19),
   (1850,  0, 11, 19), (1862,  0, 11, 19), (1874,  0, 11, 19), (1886,  0, 11, 19),
   (1898,  0, 11, 19), (1910,  0, 11, 19), (1922,  0, 12, 19), (1935,  0, 12, 19),
   (1948,  0, 12, 19), (1961,  0, 12, 19), (1974,  0, 12, 19), (1987,  0, 12, 19));

Define OffsetList
 ( ( 0, 0), ( 1, 0), ( 0, 0), ( 1, 0), ( 0, 0), ( 0, 0), ( 0, 0), ( 1, 0),
   ( 1, 0), ( 0, 0), ( 0, 0), ( 0, 0), ( 1, 0), ( 1, 0), ( 1, 0), ( 0, 0),
   ( 1, 0), ( 1, 0), ( 0, 0), (-1, 0), ( 1, 0), ( 0, 0), ( 0, 0), ( 0, 0),
   ( 0, 0), ( 0, 0), ( 1, 0), ( 1, 0), ( 0, 0), ( 1, 0), ( 0, 0), ( 1, 0),
   ( 1, 0), ( 1, 0), ( 0, 0), ( 0, 0), ( 1, 0), ( 1, 0), ( 1, 0), ( 1, 0),
   ( 1, 0), ( 1, 0), ( 1, 0), ( 0, 0), ( 0, 0), ( 0, 0), ( 1, 0), ( 0, 0),
   ( 0, 0), ( 0, 0), ( 1, 0), ( 0, 0), ( 1, 0), ( 1, 0), ( 0, 0), ( 0, 0),
   ( 1, 0), ( 0, 0), ( 0, 0), ( 0, 0), ( 1, 0), ( 1, 0), ( 1, 0), ( 1, 0),
   ( 0, 0), ( 0, 0), ( 0, 0), ( 1, 0), ( 0, 0), ( 0, 0), ( 0, 0), ( 0, 0),
   ( 1, 0), ( 1, 0), ( 0, 0), ( 0, 0), ( 0, 0), ( 0, 0), ( 1, 0), ( 0, 0),
   ( 0, 0), ( 0, 0), ( 0, 0), ( 1, 0), ( 0, 0), ( 0, 0), ( 0, 0), ( 0, 0),
   ( 0, 0), ( 0, 0), ( 0, 0), ( 0, 0), ( 0, 0), ( 0, 0), ( 1, 0), ( 1, 0),
   ( 1, 0), ( 1, 0), ( 1, 0), ( 1, 0), ( 0, 0), ( 0, 0), ( 0, 0), ( 0, 0),
   ( 0, 0), ( 0, 0), ( 0, 0), ( 0, 0), ( 0, 0), ( 0, 0), ( 0, 0), ( 0, 0),
   (-1, 0), ( 0, 0), (-1, 0), ( 0, 0), (-1, 0), ( 1, 0), ( 1, 0), ( 1, 0),
   ( 1, 0), ( 1, 0), ( 1, 0), ( 1, 0), ( 1, 0), ( 1, 0), ( 1, 0), ( 1, 0),
   ( 0, 0), ( 1, 0), ( 1, 0), ( 1, 0), ( 1, 0), ( 1, 0), ( 1, 0), ( 1, 0),
   ( 1, 0), ( 0, 0), ( 0, 0), ( 0, 0), ( 0, 0), ( 0, 0), (-1, 0), ( 0, 0),
   (-1, 0), (-1, 0), ( 1, 0), ( 1, 0), ( 1, 0), ( 1, 0), ( 1, 0), ( 1, 0),
   ( 1, 0), ( 1, 0), ( 1, 0), ( 1, 0), ( 1, 0), ( 1, 0), ( 1, 0), ( 1, 0));

Define KerningPairs
 ("*z","+7","-5","-7","/Z","/z",">7","AO","AQ","AT","AU","AV","AW","AY","Av","Aw",
  "DA","DV","DY","F,","F.","FA","Fa","Fe","Fo","Fr","Hо","KO","Ke","Ko","Kv","Kw",
  "Ky","L4","L9","LO","LT","LV","LW","LY","Ly","OA","OT","OV","OX","OY","P,","P.",
  "PA","Pa","Pe","Po","Ps","Pu","RT","RV","RW","RY","T,","T-","T.","T:","T;","TA",
  "TO","TZ","Ta","Tc","Te","To","Tr","Ts","Tu","Tw","Ty","Tz","Tм","Tо","Tп","U,",
  "UA","V,","V.","V:","V;","VA","VO","VZ","Va","Ve","Vo","Vr","Vu","Vy","W,","W:",
  "WA","Wa","We","Wo","Wr","Wu","Wv","Wy","Y,","Y-","Y.","Y:","Y;","YA","YO","Ya",
  "Yc","Ye","Yg","Yo","Yp","Yq","Yu","Yv","Yz","Yа","Yб","Yв","Yг","Yд","Yе","Yж",
  "Yз","Yи","Yй","Yк","Yл","Yм","Yо","Yп","^2","^3","^Z","^a","^d","^e","^g","^m",
  "^n","^o","^p","^q","^s","^u","^y","_0","_2","_3","_4","_5","_6","_7","_8","_9",
  "_A","_B","_C","_D","_E","_F","_G","_H","_K","_L","_M","_N","_O","_P","_Q","_R",
  "_S","_T","_U","_V","_W","_X","_Y","_Z","_a","_b","_c","_d","_e","_h","_k","_m",
  "_n","_o","_q","_s","_t","_u","_v","_w","_x","_z","av","ay","by","ev","ew","ex",
  "fo","hy","ko","o,","o.","ov","oy","p,","p.","py","r,","r-","r.","r7","r:","r;",
  "rd","rf","rg","rm","ro","rq","rx","rz","tz","v,","v.","v7","vo","vz","w,","w.",
  "w7","xe","y,","y.","yo","оb","оf","оh","оl","оп","\"3");

Define KerningValues
 (  -8,  -8,  -9,  -7,  -8,  -8,  -8,  -1,  -1,  -5,  -1,  -5,  -4,  -5,  -4,  -3,
    -1,  -1,  -1,  -2,  -2,  -4,  -2,  -1,  -1,  -1,   1,  -1,  -1,  -1,  -3,  -3,
    -1, -11,  -8,  -2,  -6,  -7,  -5,  -7,  -2,  -1,  -1,  -1,  -1,  -1,  -3,  -3,
    -3,  -2,  -1,  -1,  -1,  -1,  -1,  -1,  -1,  -1,  -2,  -2,  -2,  -1,  -1,  -5,
    -1,  -5,  -5,  -4,  -4,  -5,  -4,  -5,  -5,  -5,  -5,  -5,   1,   1,   1,  -1,
    -1,  -2,  -2,  -1,  -1,  -5,  -1,  -5,  -4,  -2,  -2,  -2,  -1,  -1,  -1,  -1,
    -4,  -3,  -1,  -1,  -1,  -1,  -1,  -1,  -2,  -2,  -2,  -1,  -1,  -5,  -1,  -5,
    -2,  -3,  -3,  -3,  -3,  -3,  -2,  -2,  -6,  -3,  -3,  -4,  -4,  -4,  -4,  -4,
    -2,  -1,  -1,  -2,  -2,   1,   1,   1,  -7,  -8,  -8,  -8,  -8,  -7,  -7,  -8,
    -8,  -7,  -7,  -8,  -7,  -8,  -8, -15, -14, -15, -15, -14, -14, -14, -15, -15,
   -14, -15, -13, -15, -13, -13, -14, -15, -13, -13, -15, -15, -14, -14, -10, -14,
   -13, -13, -15, -14, -14, -14, -14, -13, -14, -13, -13, -13, -13, -13, -11, -15,
   -13, -13, -10, -12,  -8, -13, -14, -14, -13, -13,  -1,  -1,  -1,  -1,  -1,  -1,
    -1,  -1,  -1,  -1,  -1,  -1,  -1,  -1,  -1,  -1,  -2,  -1,  -2,  -7,   1,   1,
    -1,   1,  -1,  -1,  -1,  -1,   1,  -4,  -4,  -1,  -1,  -9,  -1,  -5,  -1,  -1,
    -7,  -1,  -1,  -1,  -1,   1,   1,   1,   1,   2,  -7);

CreateLayer               Main;
LayerSetImage             Main 'Neuropol14';
LayerSetAscent            Main 15;
LayerSetCharWidths        Main CharList WidthList;
LayerSetCharWidths        Main (' ') (5);
LayerSetKerningPairs      Main KerningPairs KerningValues;
LayerSetImageMap          Main CharList RectList;
LayerSetCharOffsets       Main CharList OffsetList;
LayerSetAscentPadding     Main 0;
LayerSetLineSpacingOffset Main 0;
LayerSetPointSize         Main 14;

SetDefaultPointSize  14;
