Define CharList
 ( 'A', 'B', 'C', 'D', 'E', 'F', 'G', 'H', 'I', 'J', 'K', 'L', 'M', 'N', 'O', 'P',
   'Q', 'R', 'S', 'T', 'U', 'V', 'W', 'X', 'Y', 'Z', 'a', 'b', 'c', 'd', 'e', 'f',
   'g', 'h', 'i', 'j', 'k', 'l', 'm', 'n', 'o', 'p', 'q', 'r', 's', 't', 'u', 'v',
   'w', 'x', 'y', 'z', '0', '1', '2', '3', '4', '5', '6', '7', '8', '9', '~', '`',
   '!', '@', '#', '$', '%', '^', '&', '*', '(', ')', '-', '_', '=', '+', '[', '{',
   ']', '}', ';', ':',"'", '"', ',', '<', '.', '>', '/', '?', '¡', '¢', '£', '¥',
   '§', '©', '®', '¿', 'À', 'Á', 'Â', 'Ã', 'Ä', 'Å', 'Æ', 'Ç', 'È', 'É', 'Ê', 'Ë',
   'Ì', 'Í', 'Î', 'Ï', 'Ð', 'Ñ', 'Ò', 'Ó', 'Ô', 'Õ', 'Ö', 'Ø', 'Ù', 'Ú', 'Û', 'Ü',
   'Ý', 'ß', 'à', 'á', 'â', 'ã', 'ä', 'å', 'æ', 'ç', 'è', 'é', 'ê', 'ë', 'ì', 'í',
   'î', 'ï', 'ð', 'ñ', 'ò', 'ó', 'ô', 'õ', 'ö', 'ø', 'ù', 'ú', 'û', 'ü', 'ý', 'ÿ');

Define WidthList
 (  11,  11,  11,  11,  10,  10,  12,  11,   4,   7,   9,   8,  14,  12,  12,   9,
    12,  10,  10,   8,  11,  10,  13,   9,   9,  10,  11,  11,  11,  11,  10,  10,
    12,  11,   4,   7,   9,   8,  13,  11,  12,   9,  12,  10,  10,   8,  11,  10,
    13,   9,   9,  10,  12,   5,  10,  10,   9,  10,  10,  10,  10,  10,  10,  10,
     4,  10,  11,   9,  14,  26,  11,   6,   6,   6,   9,  12,   9,   8,   6,   6,
     6,   6,   4,   3,   4,   7,   4,   7,   3,   7,   5,   9,   4,  11,   8,   9,
    10,  13,  11,   9,  11,  11,  11,  11,  11,  11,  17,  11,  10,  10,  10,  10,
     4,   4,   4,   4,  12,  12,  12,  12,  12,  12,  12,  12,  11,  11,   9,   9,
     9,  19,  11,  11,  11,  11,  11,  11,  17,  11,  10,  10,  10,  10,   4,   4,
     4,   4,  12,  12,  12,  12,  12,  12,  12,  12,  11,  11,  11,  12,   9,   9);

Define RectList
 ( (   0,  0, 11, 19), (  12,  0, 11, 19), (  24,  0, 11, 19), (  36,  0, 10, 19),
   (  47,  0, 10, 19), (  58,  0, 10, 19), (  69,  0, 11, 19), (  81,  0, 10, 19),
   (  92,  0,  3, 19), (  96,  0,  9, 19), ( 106,  0,  9, 19), ( 116,  0,  8, 19),
   ( 125,  0, 14, 19), ( 140,  0, 11, 19), ( 152,  0, 10, 19), ( 163,  0, 10, 19),
   ( 174,  0, 10, 19), ( 185,  0, 10, 19), ( 196,  0, 10, 19), ( 207,  0,  9, 19),
   ( 217,  0, 10, 19), ( 228,  0, 11, 19), ( 240,  0, 13, 19), ( 254,  0,  9, 19),
   ( 264,  0,  9, 19), ( 274,  0, 10, 19), ( 285,  0, 11, 19), ( 297,  0, 11, 19),
   ( 309,  0, 11, 19), ( 321,  0, 10, 19), ( 332,  0, 10, 19), ( 343,  0, 10, 19),
   ( 354,  0, 11, 19), ( 366,  0, 10, 19), ( 377,  0,  3, 19), ( 381,  0,  9, 19),
   ( 391,  0,  9, 19), ( 401,  0,  8, 19), ( 410,  0, 14, 19), ( 425,  0, 11, 19),
   ( 437,  0, 10, 19), ( 448,  0, 10, 19), ( 459,  0, 10, 19), ( 470,  0, 10, 19),
   ( 481,  0, 11, 19), ( 493,  0,  9, 19), ( 503,  0, 10, 19), ( 514,  0, 11, 19),
   ( 526,  0, 13, 19), ( 540,  0,  9, 19), ( 550,  0,  9, 19), ( 560,  0, 10, 19),
   ( 571,  0, 11, 19), ( 583,  0,  6, 19), ( 590,  0, 10, 19), ( 601,  0, 10, 19),
   ( 612,  0,  8, 19), ( 621,  0, 10, 19), ( 632,  0,  9, 19), ( 642,  0, 10, 19),
   ( 653,  0, 10, 19), ( 664,  0,  9, 19), ( 674,  0,  8, 19), ( 683,  0,  6, 19),
   ( 690,  0,  3, 19), ( 694,  0,  9, 19), ( 704,  0, 13, 19), ( 718,  0, 10, 19),
   ( 729,  0, 14, 19), ( 744,  0, 24, 19), ( 769,  0, 11, 19), ( 781,  0,  7, 19),
   ( 789,  0,  5, 19), ( 795,  0,  5, 19), ( 801,  0,  9, 19), ( 811,  0, 12, 19),
   ( 824,  0,  9, 19), ( 834,  0,  9, 19), ( 844,  0,  7, 19), ( 852,  0,  7, 19),
   ( 860,  0,  7, 19), ( 868,  0,  7, 19), ( 876,  0,  3, 19), ( 880,  0,  3, 19),
   ( 884,  0,  3, 19), ( 888,  0,  6, 19), ( 895,  0,  3, 19), ( 899,  0,  9, 19),
   ( 909,  0,  3, 19), ( 913,  0,  8, 19), ( 922,  0,  6, 19), ( 929,  0, 10, 19),
   ( 940,  0,  3, 19), ( 944,  0, 15, 19), ( 960,  0, 12, 19), ( 973,  0, 13, 19),
   ( 987,  0, 14, 19), (1002,  0, 11, 19), (1014,  0,  9, 19), (1024,  0, 10, 19),
   (1035,  0, 11, 19), (1047,  0, 11, 19), (1059,  0, 11, 19), (1071,  0, 11, 19),
   (1083,  0, 11, 19), (1095,  0, 11, 19), (1107,  0, 18, 19), (1126,  0, 11, 19),
   (1138,  0, 10, 19), (1149,  0, 10, 19), (1160,  0, 10, 19), (1171,  0, 10, 19),
   (1182,  0,  6, 19), (1189,  0,  6, 19), (1196,  0,  5, 19), (1202,  0,  5, 19),
   (1208,  0, 12, 19), (1221,  0, 11, 19), (1233,  0, 10, 19), (1244,  0, 10, 19),
   (1255,  0, 10, 19), (1266,  0, 10, 19), (1277,  0, 10, 19), (1288,  0, 10, 19),
   (1299,  0, 10, 19), (1310,  0, 10, 19), (1321,  0, 10, 19), (1332,  0, 10, 19),
   (1343,  0,  9, 19), (1353,  0, 21, 19), (1375,  0, 11, 19), (1387,  0, 11, 19),
   (1399,  0, 11, 19), (1411,  0, 11, 19), (1423,  0, 11, 19), (1435,  0, 11, 19),
   (1447,  0, 18, 19), (1466,  0, 11, 19), (1478,  0, 10, 19), (1489,  0, 10, 19),
   (1500,  0, 10, 19), (1511,  0, 10, 19), (1522,  0,  6, 19), (1529,  0,  6, 19),
   (1536,  0,  5, 19), (1542,  0,  5, 19), (1548,  0, 12, 19), (1561,  0, 11, 19),
   (1573,  0, 10, 19), (1584,  0, 10, 19), (1595,  0, 10, 19), (1606,  0, 10, 19),
   (1617,  0, 10, 19), (1628,  0, 10, 19), (1639,  0, 10, 19), (1650,  0, 10, 19),
   (1661,  0, 10, 19), (1672,  0, 10, 19), (1683,  0,  9, 19), (1693,  0,  9, 19));

Define OffsetList
 ( ( 0, 0), ( 0, 0), ( 0, 0), ( 0, 0), ( 0, 0), ( 0, 0), ( 0, 0), ( 0, 0),
   ( 0, 0), (-1, 0), ( 0, 0), ( 0, 0), ( 0, 0), ( 0, 0), ( 1, 0), (-1, 0),
   ( 1, 0), ( 0, 0), ( 0, 0), ( 0, 0), ( 0, 0), ( 0, 0), ( 0, 0), ( 0, 0),
   ( 0, 0), ( 0, 0), ( 0, 0), ( 0, 0), ( 0, 0), ( 0, 0), ( 0, 0), ( 0, 0),
   ( 0, 0), ( 0, 0), ( 0, 0), (-1, 0), ( 0, 0), ( 0, 0), ( 0, 0), ( 0, 0),
   ( 1, 0), (-1, 0), ( 1, 0), ( 0, 0), (-1, 0), ( 0, 0), ( 0, 0), ( 0, 0),
   ( 0, 0), ( 0, 0), ( 0, 0), ( 0, 0), ( 0, 0), (-1, 0), ( 0, 0), ( 0, 0),
   ( 0, 0), ( 0, 0), ( 0, 0), ( 0, 0), ( 0, 0), ( 0, 0), ( 1, 0), ( 2, 0),
   ( 0, 0), ( 0, 0), (-1, 0), ( 0, 0), ( 0, 0), ( 1, 0), ( 1, 0), ( 0, 0),
   ( 1, 0), ( 0, 0), ( 0, 0), ( 0, 0), ( 0, 0), ( 0, 0), ( 0, 0), ( 0, 0),
   (-1, 0), (-1, 0), ( 0, 0), ( 0, 0), ( 0, 0), ( 0, 0), ( 0, 0), (-1, 0),
   ( 0, 0), ( 0, 0), ( 0, 0), (-1, 0), ( 0, 0), (-2, 0), (-2, 0), (-2, 0),
   (-2, 0), ( 1, 0), ( 1, 0), ( 0, 0), ( 0, 0), ( 0, 0), ( 0, 0), ( 0, 0),
   ( 0, 0), ( 0, 0), ( 0, 0), ( 0, 0), ( 0, 0), ( 0, 0), ( 0, 0), ( 0, 0),
   (-2, 0), (-2, 0), (-1, 0), (-1, 0), (-1, 0), ( 0, 0), ( 1, 0), ( 1, 0),
   ( 1, 0), ( 1, 0), ( 1, 0), ( 1, 0), ( 0, 0), ( 0, 0), ( 0, 0), ( 0, 0),
   ( 0, 0), (-1, 0), ( 0, 0), ( 0, 0), ( 0, 0), ( 0, 0), ( 0, 0), ( 0, 0),
   ( 0, 0), ( 0, 0), ( 0, 0), ( 0, 0), ( 0, 0), ( 0, 0), (-2, 0), (-2, 0),
   (-1, 0), (-1, 0), (-1, 0), ( 0, 0), ( 1, 0), ( 1, 0), ( 1, 0), ( 1, 0),
   ( 1, 0), ( 1, 0), ( 0, 0), ( 0, 0), ( 0, 0), ( 0, 0), ( 0, 0), ( 0, 0));

Define KerningPairs
 ("AT","AY","AR","AV","Ay","TA","WA","Wa","Ya","MT","MY","MV","Mt","Mv","My","VA",
  "Va","ar","at","av","ay","mt","mv","my","tA","ta","vA","va","wa","yA");

Define KerningValues
 (  -1,  -1,  -1,  -1,  -1,  -1,  -1,  -1,  -1,  -1,  -2,  -1,  -1,  -1,  -1,  -2,
    -1,  -1,  -1,  -1,  -1,  -1,  -1,  -2,  -1,  -1,  -2,  -1,  -1,  -2);

CreateLayer               Main;
LayerSetImage             Main 'Zorque14';
LayerSetAscent            Main 15;
LayerSetCharWidths        Main CharList WidthList;
LayerSetCharWidths        Main (' ') (4);
LayerSetKerningPairs      Main KerningPairs KerningValues;
LayerSetImageMap          Main CharList RectList;
LayerSetCharOffsets       Main CharList OffsetList;
LayerSetAscentPadding     Main 0;
LayerSetLineSpacingOffset Main 0;
LayerSetPointSize         Main 14;

SetDefaultPointSize  14;
